Amino acid,Amino acid position,Codon
S,1,GCG
A,2,CGG
G,3,GGG
G,4,GGT
R,5,GTG
D,6,TGC
E,7,GCG
E,8,CGG
R,9,GGG
R,10,GGC
K,11,GCG
L,12,CGG
A,13,GGC
D,14,GCG
I,15,CGG
I,16,GGG
H,17,GGC
H,18,GCG
W,19,CGG
N,20,GGC
A,21,GCG
N,22,CGG
R,23,GGG
L,24,GGC
D,25,GCG
L,26,CGC
F,27,GCC
E,28,CCG
I,29,CGG
S,30,GGG
Q,31,GGC
P,32,GCG
T,33,CGC
E,34,GCA
D,35,CAC
L,36,ACA
E,37,CAC
F,38,ACC
H,39,CCG
G,40,CGG
V,41,GGC
M,42,GCC
R,43,CCG
F,44,CGG
Y,45,GGC
F,46,GCG
Q,47,CGG
D,48,GGG
K,49,GGG
A,50,GGC
A,51,GCT
G,52,CTG
N,53,TGA
F,54,GAG
A,55,AGG
T,56,GGC
K,57,GCG
C,58,CGG
I,59,GGC
R,60,GCG
V,61,CGC
S,62,GCG
S,63,CGG
T,64,GGC
A,65,GCG
T,66,CGC
T,67,GCG
Q,68,CGG
D,69,GGC
V,70,GCG
I,71,CGC
E,72,GCG
T,73,CGG
L,74,GGA
A,75,GAC
E,76,ACT
K,77,CTG
F,78,TGA
R,79,GAG
P,80,AGC
D,81,GCC
M,82,CCC
R,83,CCC
M,84,CCA
L,85,CAG
S,86,AGG
S,87,GGC
P,88,GCG
K,89,CGG
Y,90,GGA
S,91,GAG
L,92,AGG
Y,93,GGC
E,94,GCC
V,95,CCA
H,96,CAA
V,97,AAG
S,98,AGT
G,99,GTC
E,100,TCG
E,101,CGG
R,102,GGA
R,103,GAG
L,104,AGG
D,105,GGA
I,106,GAC
D,107,ACG
E,108,CGC
K,109,GCG
P,110,CGG
L,111,GGC
V,112,GCG
V,113,CGC
Q,114,GCG
L,115,CGG
N,116,GGC
W,117,GCC
N,118,CCG
K,119,CGC
D,120,GCG
D,121,CGG
R,122,GGA
E,123,GAG
G,124,AGG
R,125,GGC
F,126,GCG
V,127,CGG
L,128,GGA
K,129,GAG
N,130,AGG
E,131,GGC
N,132,GCA
D,133,CAG
A,134,AGC
I,135,GCC
P,136,CCG
P,137,CGC
K,138,GCG
K,139,CGG
A,140,GGA
Q,141,GAG
S,142,AGG
N,143,GGC
G,144,GCG
P,145,CGG
E,146,GGA
K,147,GAG
Q,148,AGG
E,149,GGC
K,150,GCG
E,151,CGG
G,152,GGC
V,153,GCC
I,154,CCG
Q,155,CGG
N,156,GGC
F,157,GCG
K,158,CGG
R,159,GGG
T,160,GGG
L,161,GGG
S,162,GGG
K,163,GGT
K,164,GTG
E,165,TGG
K,166,GGC
K,167,GCG
E,168,CGA
K,169,GAG
K,170,AGG
K,171,GGG
R,172,GGG
E,173,GGC
K,174,GCG
E,175,CGC
A,176,GCC
L,177,CCG
R,178,CGG
Q,179,GGG
A,180,GGC
S,181,GCC
D,182,CCC
K,183,CCC
D,184,CCC
D,185,CCG
R,186,CGC
P,187,GCG
F,188,CGG
Q,189,GGA
G,190,GAC
E,191,ACC
D,192,CCT
V,193,CTG
E,194,TGT
N,195,GTC
S,196,TCG
R,197,CGT
L,198,GTC
A,199,TCC
A,200,CCT
E,201,CTC
V,202,TCG
Y,203,CGG
K,204,GGC
D,205,GCC
M,206,CCC
P,207,CCG
E,208,CGT
T,209,GTC
S,210,TCC
F,211,CCT
T,212,CTC
R,213,TCC
T,214,CCG
I,215,CGG
S,216,GGC
N,217,GCC
P,218,CCC
E,219,CCC
V,220,CCG
V,221,CGG
M,222,GGC
K,223,GCC
R,224,CCC
R,225,CCC
R,226,CCG
Q,227,CGC
Q,228,GCG
K,229,CGC
L,230,GCG
E,231,CGG
K,232,GGC
R,233,GCT
M,234,CTG
Q,235,TGA
E,236,GAG
F,237,AGG
R,238,GGA
S,239,GAG
S,240,AGG
D,241,GGC
G,242,GCG
R,243,CGC
P,244,GCG
D,245,CGG
S,246,GGC
G,247,GCC
G,248,CCA
T,249,CAG
L,250,AGG
R,251,GGA
I,252,GAC
Y,253,ACC
A,254,CCA
D,255,CAT
S,256,ATG
L,257,TGT
K,258,GTC
P,259,TCG
N,260,CGG
I,261,GGC
P,262,GCG
Y,263,CGG
K,264,GGG
T,265,GGC
I,266,GCG
L,267,CGG
L,268,GGC
S,269,GCC
T,270,CCG
T,271,CGT
D,272,GTG
P,273,TGA
A,274,GAC
D,275,ACG
F,276,CGA
A,277,GAG
V,278,AGG
A,279,GGA
E,280,GAG
A,281,AGC
L,282,GCG
E,283,CGG
K,284,GGC
Y,285,GCG
G,286,CGG
L,287,GGA
E,288,GAA
K,289,AAG
E,290,AGC
N,291,GCT
P,292,CTG
K,293,TGG
D,294,GGC
Y,295,GCC
C,296,CCG
I,297,CGA
A,298,GAC
R,299,ACA
V,300,CAT
M,301,ATC
L,302,TCA
P,303,CAT
P,304,ATC
G,305,TCC
A,306,CCA
Q,307,CAC
H,308,ACC
S,309,CCA
D,310,CAC
E,311,ACT
K,312,CTG
G,313,TGG
A,314,GGA
K,315,GAA
E,316,AAC
I,317,ACG
I,318,CGC
L,319,GCC
D,320,CCA
D,321,CAA
D,322,AAC
E,323,ACC
C,324,CCG
P,325,CGG
L,326,GGC
Q,327,GCT
I,328,CTG
F,329,TGG
R,330,GGA
E,331,GAC
W,332,ACC
P,333,CCT
S,334,CTG
D,335,TGT
K,336,GTT
G,337,TTC
I,338,TCG
L,339,CGA
V,340,GAG
F,341,AGA
Q,342,GAT
L,343,ATC
K,344,TCA
R,345,CAG
R,346,AGC
P,347,GCC
P,348,CCA
D,349,CAG
H,350,AGC
I,351,GCC
P,352,CCG
K,353,CGA
K,354,GAC
T,355,ACC
K,356,CCG
K,357,CGA
H,358,GAG
L,359,AGG
E,360,GGA
G,361,GAT
K,362,ATT
T,363,TTT
P,364,TTG
K,365,TGG
G,366,GGA
K,367,GAG
E,368,AGT
R,369,GTT
A,370,TTC
D,371,TCC
G,372,CCA
S,373,CAT
G,374,ATG
Y,375,TGG
G,376,GGA
S,377,GAG
T,378,AGT
L,379,GTG
P,380,TGA
P,381,GAT
E,382,ATG
K,383,TGA
L,384,GAG
P,385,AGA
Y,386,GAT
L,387,ATT
V,388,TTT
E,389,TTT
L,390,TTA
S,391,TAT
P,392,ATT
G,393,TTT
R,394,TTT
R,395,TTC
N,396,TCA
H,397,CAA
F,398,AAG
A,399,AGA
Y,400,GAT
Y,401,ATA
N,402,TAA
Y,403,AAA
H,404,AAG
T,405,AGC
Y,406,GCT
E,407,CTG
D,408,TGC
G,409,GCT
S,410,CTG
D,411,TGG
S,412,GGA
R,413,GAA
D,414,AAA
K,415,AAC
P,416,ACT
K,417,CTT
L,418,TTT
Y,419,TTG
R,420,TGC
L,421,GCA
Q,422,CAA
L,423,AAC
S,424,ACA
V,425,CAA
T,426,AAA
E,427,AAA
V,428,AAT
G,429,ATG
T,430,TGT
E,431,GTA
K,432,TAT
L,433,ATT
D,434,TTC
D,435,TCG
N,436,CGG
S,437,GGG
I,438,GGT
Q,439,GTC
L,440,TCT
F,441,CTC
G,442,TCT
P,443,CTA
G,444,TAG
I,445,AGT
Q,446,GTA
P,447,TAC
H,448,ACT
H,449,CTG
C,450,TGC
D,451,GCC
L,452,CCA
T,453,CAC
N,454,ACC
M,455,CCA
D,456,CAC
G,457,ACT
V,458,CTC
V,459,TCA
T,460,CAA
V,461,AAG
T,462,AGA
P,463,GAT
R,464,ATG
S,465,TGT
M,466,GTA
D,467,TAA
A,468,AAT
E,469,ATC
T,470,TCG
Y,471,CGA
V,472,GAA
E,473,AAA
G,474,AAC
Q,475,ACG
R,476,CGC
I,477,GCT
S,478,CTC
E,479,TCG
T,480,CGC
T,481,GCG
M,482,CGG
L,483,GGA
Q,484,GAG
S,485,AGA
G,486,GAA
M,487,AAA
K,488,AAT
V,489,ATT
Q,490,TTT
F,491,TTC
G,492,TCG
A,493,CGA
S,494,GAC
H,495,ACC
V,496,CCT
F,497,CTG
K,498,TGA
F,499,GAT
V,500,ATA
D,501,TAT
P,502,ATG
S,503,TGC
Q,504,GCG
D,505,CGA
H,506,GAA
A,507,AAT
L,508,ATG
A,509,TGC
K,510,GCT
R,511,CTG
S,512,TGT
V,513,GTC
D,514,TCC
G,515,CCT
G,516,CTC
L,517,TCT
M,518,CTC
V,519,TCC
K,520,CCC
G,521,CCA
P,522,CAA
R,523,AAG
H,524,AGT
K,525,GTA
P,526,TAT
G,527,ATT
I,528,TTC
V,529,TCA
Q,530,CAC
E,531,ACT
T,532,CTC
T,533,TCT
F,534,CTA
D,535,TAT
L,536,ATG
G,537,TGA
G,538,GAA
D,539,AAG
I,540,AGT
H,541,GTG
S,542,TGC
G,543,GCA
T,544,CAT
A,545,ATG
L,546,TGT
P,547,GTC
T,548,TCA
S,549,CAG
K,550,AGC
S,551,GCG
T,552,CGG
T,553,GGA
R,554,GAG
L,555,AGA
D,556,GAA
S,557,AAG
D,558,AGA
R,559,GAA
V,560,AAA
S,561,AAG
S,562,AGA
A,563,GAA
S,564,AAG
S,565,AGA
T,566,GAT
A,567,ATT
E,568,TTG
R,569,TGG
G,570,GGA
M,571,GAT
V,572,ATA
K,573,TAT
P,574,ATA
M,575,TAG
I,576,AGA
R,577,GAT
V,578,ATG
E,579,TGA
Q,580,GAG
Q,581,AGA
P,582,GAA
D,583,AAA
Y,584,AAC
R,585,ACC
R,586,CCT
Q,587,CTC
E,588,TCT
S,589,CTA
R,590,TAG
T,591,AGT
Q,592,GTT
D,593,TTG
A,594,TGT
S,595,GTA
G,596,TAC
P,597,ACA
E,598,CAA
L,599,AAC
I,600,ACT
L,601,CTG
P,602,TGA
A,603,GAA
S,604,AAT
I,605,ATT
E,606,TTG
F,607,TGG
R,608,GGA
E,609,GAA
S,610,AAC
S,611,ACA
E,612,CAA
D,613,AAA
S,614,AAG
F,615,AGA
L,616,GAT
S,617,ATG
A,618,TGA
I,619,GAT
I,620,ATC
N,621,TCG
Y,622,CGG
T,623,GGG
N,624,GGA
S,625,GAA
S,626,AAG
T,627,AGG
V,628,GGC
H,629,GCA
F,630,CAG
K,631,AGA
L,632,GAT
S,633,ATT
P,634,TTT
T,635,TTG
Y,636,TGT
V,637,GTT
L,638,TTC
Y,639,TCT
M,640,CTT
A,641,TTA
C,642,TAA
R,643,AAG
Y,644,AGA
V,645,GAA
L,646,AAT
S,647,ATG
N,648,TGA
Q,649,GAG
Y,650,AGA
R,651,GAA
P,652,AAT
D,653,ATG
I,654,TGA
S,655,GAC
P,656,ACG
T,657,CGC
E,658,GCC
R,659,CCA
T,660,CAT
H,661,ATT
K,662,TTC
V,663,TCC
I,664,CCT
A,665,CTC
V,666,TCC
V,667,CCT
N,668,CTA
K,669,TAA
M,670,AAG
V,671,AGA
S,672,GAA
M,673,AAG
M,674,AGG
E,675,GGC
G,676,GCT
V,677,CTC
I,678,TCA
Q,679,CAA
K,680,AAA
Q,681,AAG
K,682,AGT
N,683,GTA
I,684,TAA
A,685,AAT
G,686,ATG
A,687,TGG
L,688,GGA
A,689,GAC
F,690,ACC
W,691,CCT
M,692,CTG
A,693,TGA
N,694,GAA
A,695,AAA
S,696,AAA
E,697,AAG
L,698,AGC
L,699,GCA
N,700,CAG
F,701,AGG
I,702,GGA
K,703,GAA
Q,704,AAA
D,705,AAA
R,706,AAA
D,707,AAG
L,708,AGA
S,709,GAA
R,710,AAG
I,711,AGG
T,712,GGG
L,713,GGG
D,714,GGT
A,715,GTT
Q,716,TTA
D,717,TAT
V,718,ATC
L,719,TCC
A,720,CCA
H,721,CAG
L,722,AGA
V,723,GAA
Q,724,AAC
M,725,ACT
A,726,CTT
F,727,TTC
K,728,TCA
Y,729,CAA
L,730,AAG
V,731,AGA
H,732,GAG
C,733,AGA
L,734,GAA
Q,735,AAC
S,736,ACT
E,737,CTC
L,738,TCT
N,739,CTC
N,740,TCT
Y,741,CTC
M,742,TCA
P,743,CAA
A,744,AAA
F,745,AAG
L,746,AGA
D,747,GAA
D,748,AAA
P,749,AAG
E,750,AGA
E,751,GAA
N,752,AAA
S,753,AAA
L,754,AAG
Q,755,AGA
R,756,GAA
P,757,AAG
K,758,AGG
I,759,GGA
D,760,GAA
D,761,AAA
V,762,AAA
L,763,AAA
H,764,AAA
T,765,AAA
L,766,AAG
T,767,AGA
G,768,GAA
A,769,AAG
M,770,AGA
S,771,GAG
L,772,AGA
L,773,GAG
R,774,AGA
R,775,GAA
C,776,AAA
R,777,AAA
V,778,AAA
N,779,AAG
A,780,AGA
A,781,GAG
L,782,AGG
T,783,GGC
I,784,GCA
Q,785,CAT
L,786,ATT
F,787,TTG
S,788,TGC
Q,789,GCG
L,790,CGA
F,791,GAC
H,792,ACA
F,793,CAG
I,794,AGG
N,795,GGC
M,796,GCA
W,797,CAT
L,798,ATC
F,799,TCT
N,800,CTG
R,801,TGA
L,802,GAT
V,803,ATA
T,804,TAA
D,805,AAA
P,806,AAG
D,807,AGA
S,808,GAT
G,809,ATG
L,810,TGA
C,811,GAT
S,812,ATA
H,813,TAG
Y,814,AGA
W,815,GAC
G,816,ACC
A,817,CCT
I,818,CTT
I,819,TTT
R,820,TTC
Q,821,TCC
Q,822,CCA
L,823,CAA
G,824,AAG
H,825,AGG
I,826,GGG
E,827,GGG
A,828,GGA
W,829,GAG
A,830,AGG
E,831,GGA
K,832,GAT
Q,833,ATG
G,834,TGT
L,835,GTT
E,836,TTG
L,837,TGA
A,838,GAA
A,839,AAA
D,840,AAA
C,841,AAT
H,842,ATT
L,843,TTC
S,844,TCT
R,845,CTC
I,846,TCG
V,847,CGA
Q,848,GAC
A,849,ACT
T,850,CTG
T,851,TGG
L,852,GGC
L,853,GCT
T,854,CTG
M,855,TGC
D,856,GCT
K,857,CTG
Y,858,TGA
A,859,GAG
P,860,AGG
D,861,GGT
D,862,GTT
I,863,TTT
P,864,TTA
N,865,TAC
I,866,ACA
N,867,CAA
S,868,AAA
T,869,AAG
C,870,AGA
F,871,GAC
K,872,ACA
L,873,CAT
N,874,ATG
S,875,TGC
L,876,GCC
Q,877,CCG
L,878,CGG
Q,879,GGA
A,880,GAA
L,881,AAA
L,882,AAC
Q,883,ACC
N,884,CCA
Y,885,CAG
H,886,AGC
C,887,GCT
A,888,CTT
P,889,TTT
D,890,TTA
E,891,TAC
P,892,ACT
F,893,CTC
I,894,TCG
P,895,CGA
T,896,GAA
D,897,AAC
L,898,ACC
I,899,CCA
E,900,CAT
N,901,ATT
V,902,TTT
V,903,TTC
T,904,TCT
V,905,CTA
A,906,TAA
E,907,AAT
N,908,ATC
T,909,TCC
A,910,CCT
D,911,CTG
E,912,TGA
L,913,GAG
A,914,AGG
R,915,GGT
S,916,GTG
D,917,TGG
G,918,GGT
R,919,GTT
E,920,TTA
V,921,TAT
Q,922,ATG
L,923,TGA
E,924,GAA
E,925,AAA
D,926,AAC
P,927,ACG
D,928,CGA
L,929,GAC
Q,930,ACG
L,931,CGG
P,932,GGA
F,933,GAG
L,934,AGG
L,935,GGC
P,936,GCA
E,937,CAG
D,938,AGC
G,939,GCA
Y,940,CAA
S,941,AAA
C,942,AAA
D,943,AAA
V,944,AAT
V,945,ATT
R,946,TTG
N,947,TGG
I,948,GGA
P,949,GAA
N,950,AAA
G,951,AAA
L,952,AAG
Q,953,AGA
E,954,GAG
F,955,AGA
L,956,GAA
D,957,AAT
P,958,ATG
L,959,TGC
C,960,GCA
Q,961,CAG
R,962,AGG
G,963,GGA
F,964,GAA
C,965,AAT
R,966,ATT
L,967,TTT
I,968,TTC
P,969,TCG
H,970,CGG
T,971,GGA
R,972,GAG
S,973,AGC
P,974,GCT
G,975,CTC
T,976,TCA
W,977,CAG
T,978,AGA
I,979,GAT
Y,980,ATG
F,981,TGG
E,982,GGG
G,983,GGC
A,984,GCG
D,985,CGG
Y,986,GGC
E,987,GCC
S,988,CCT
H,989,CTG
L,990,TGA
L,991,GAT
R,992,ATT
E,993,TTC
N,994,TCA
T,995,CAG
E,996,AGG
L,997,GGT
A,998,GTG
Q,999,TGG
P,1000,GGA
L,1001,GAA
R,1002,AAC
K,1003,ACA
E,1004,CAT
P,1005,ATT
E,1006,TTG
I,1007,TGA
I,1008,GAG
T,1009,AGA
V,1010,GAA
T,1011,AAT
L,1012,ATT
K,1013,TTT
K,1014,TTA
Q,1015,TAT
N,1016,ATG
G,1017,TGC
M,1018,GCA
G,1019,CAG
L,1020,AGA
S,1021,GAT
I,1022,ATA
V,1023,TAG
A,1024,AGT
A,1025,GTT
K,1026,TTT
G,1027,TTA
A,1028,TAA
G,1029,AAA
Q,1030,AAA
D,1031,AAC
K,1032,ACC
L,1033,CCA
G,1034,CAA
I,1035,AAA
Y,1036,AAT
V,1037,ATA
K,1038,TAT
S,1039,ATT
V,1040,TTC
V,1041,TCC
K,1042,CCC
G,1043,CCT
G,1044,CTA
A,1045,TAC
A,1046,ACA
D,1047,CAA
V,1048,AAG
D,1049,AGA
G,1050,GAC
R,1051,ACA
L,1052,CAA
A,1053,AAT
A,1054,ATC
G,1055,TCC
D,1056,CCT
Q,1057,CTG
L,1058,TGC
L,1059,GCT
S,1060,CTG
V,1061,TGT
D,1062,GTC
G,1063,TCT
R,1064,CTA
S,1065,TAC
L,1066,ACT
V,1067,CTA
G,1068,TAC
L,1069,ACA
S,1070,CAG
Q,1071,AGA
E,1072,GAT
R,1073,ATC
A,1074,TCC
A,1075,CCT
E,1076,CTG
L,1077,TGC
M,1078,GCA
T,1079,CAG
R,1080,AGA
T,1081,GAC
S,1082,ACT
S,1083,CTT
V,1084,TTT
V,1085,TTG
T,1086,TGC
L,1087,GCT
E,1088,CTG
V,1089,TGT
A,1090,GTG
K,1091,TGG
Q,1092,GGC
G,1093,GCT
A,1094,CTG
I,1095,TGA
Y,1096,GAA
H,1097,AAG
G,1098,AGC
L,1099,GCT
A,1100,CTT
T,1101,TTT
L,1102,TTA
L,1103,TAG
N,1104,AGA
Q,1105,GAG
P,1106,AGA
S,1107,GAA
P,1108,AAG
M,1109,AGT
M,1110,GTA
Q,1111,TAT
R,1112,ATG
I,1113,TGG
S,1114,GGT
D,1115,GTC
R,1116,TCT
R,1117,CTG
G,1118,TGG
S,1119,GGA
G,1120,GAA
K,1121,AAA
P,1122,AAA
R,1123,AAA
P,1124,AAG
K,1125,AGA
S,1126,GAA
E,1127,AAA
G,1128,AAA
F,1129,AAC
E,1130,ACC
L,1131,CCC
Y,1132,CCT
N,1133,CTA
N,1134,TAA
S,1135,AAG
T,1136,AGG
Q,1137,GGA
N,1138,GAT
G,1139,ATT
S,1140,TTA
P,1141,TAC
E,1142,ACT
S,1143,CTG
P,1144,TGC
Q,1145,GCA
L,1146,CAT
P,1147,ATC
W,1148,TCG
A,1149,CGC
E,1150,GCC
Y,1151,CCC
S,1152,CCG
E,1153,CGG
P,1154,GGG
K,1155,GGT
K,1156,GTT
L,1157,TTA
P,1158,TAT
G,1159,ATG
D,1160,TGC
D,1161,GCT
R,1162,CTT
L,1163,TTC
M,1164,TCC
K,1165,CCT
N,1166,CTC
R,1167,TCC
A,1168,CCT
D,1169,CTG
H,1170,TGG
R,1171,GGA
S,1172,GAG
S,1173,AGC
P,1174,GCC
N,1175,CCC
V,1176,CCA
A,1177,CAG
N,1178,AGC
Q,1179,GCA
P,1180,CAT
P,1181,ATT
S,1182,TTC
P,1183,TCT
G,1184,CTG
G,1185,TGA
K,1186,GAT
S,1187,ATG
A,1188,TGA
Y,1189,GAA
A,1190,AAA
S,1191,AAA
G,1192,AAG
T,1193,AGG
T,1194,GGG
A,1195,GGT
K,1196,GTG
I,1197,TGC
T,1198,GCT
S,1199,CTA
V,1200,TAA
S,1201,AAA
T,1202,AAG
G,1203,AGA
N,1204,GAA
L,1205,AAA
C,1206,AAT
T,1207,ATT
E,1208,TTA
E,1209,TAT
Q,1210,ATT
T,1211,TTC
P,1212,TCT
P,1213,CTT
P,1214,TTG
R,1215,TGA
P,1216,GAT
E,1217,ATG
A,1218,TGA
Y,1219,GAT
P,1220,ATG
I,1221,TGA
P,1222,GAT
T,1223,ATG
Q,1224,TGA
T,1225,GAG
Y,1226,AGT
T,1227,GTG
R,1228,TGT
E,1229,GTC
Y,1230,TCC
F,1231,CCT
T,1232,CTT
F,1233,TTT
P,1234,TTA
A,1235,TAC
S,1236,ACA
K,1237,CAA
S,1238,AAA
Q,1239,AAT
D,1240,ATC
R,1241,TCT
M,1242,CTT
A,1243,TTC
P,1244,TCA
P,1245,CAG
Q,1246,AGG
N,1247,GGG
Q,1248,GGA
W,1249,GAA
P,1250,AAT
N,1251,ATG
Y,1252,TGG
E,1253,GGC
E,1254,GCC
K,1255,CCA
P,1256,CAA
H,1257,AAG
M,1258,AGT
H,1259,GTG
T,1260,TGA
D,1261,GAC
S,1262,ACA
N,1263,CAA
H,1264,AAA
S,1265,AAG
S,1266,AGG
I,1267,GGG
A,1268,GGA
I,1269,GAT
Q,1270,ATT
R,1271,TTT
V,1272,TTT
T,1273,TTA
R,1274,TAG
S,1275,AGT
Q,1276,GTC
E,1277,TCT
E,1278,CTT
L,1279,TTT
R,1280,TTC
E,1281,TCA
D,1282,CAG
K,1283,AGT
A,1284,GTT
Y,1285,TTG
Q,1286,TGA
L,1287,GAA
E,1288,AAG
R,1289,AGA
H,1290,GAG
R,1291,AGG
I,1292,GGA
E,1293,GAG
A,1294,AGG
A,1295,GGC
M,1296,GCC
D,1297,CCA
R,1298,CAC
K,1299,ACC
S,1300,CCA
D,1301,CAG
S,1302,AGA
D,1303,GAC
M,1304,ACC
W,1305,CCA
I,1306,CAC
N,1307,ACA
Q,1308,CAT
S,1309,ATC
S,1310,TCC
S,1311,CCC
L,1312,CCA
D,1313,CAA
S,1314,AAA
S,1315,AAG
T,1316,AGA
S,1317,GAA
S,1318,AAA
Q,1319,AAA
E,1320,AAC
H,1321,ACC
L,1322,CCA
N,1323,CAA
H,1324,AAG
S,1325,AGA
S,1326,GAA
K,1327,AAA
S,1328,AAC
V,1329,ACA
T,1330,CAC
P,1331,ACT
A,1332,CTT
S,1333,TTG
T,1334,TGG
L,1335,GGA
T,1336,GAA
K,1337,AAG
S,1338,AGG
G,1339,GGC
P,1340,GCA
G,1341,CAA
R,1342,AAG
W,1343,AGA
K,1344,GAC
T,1345,ACA
P,1346,CAC
A,1347,ACC
A,1348,CCC
I,1349,CCA
P,1350,CAA
A,1351,AAG
T,1352,AGG
P,1353,GGG
V,1354,GGA
A,1355,GAA
V,1356,AAA
S,1357,AAG
Q,1358,AGG
P,1359,GGA
I,1360,GAG
R,1361,AGA
T,1362,GAG
D,1363,AGA
L,1364,GAG
P,1365,AGC
P,1366,GCT
P,1367,CTG
P,1368,TGA
P,1369,GAC
P,1370,ACG
P,1371,CGG
P,1372,GGG
V,1373,GGT
H,1374,GTC
Y,1375,TCT
A,1376,CTG
G,1377,TGG
D,1378,GGC
F,1379,GCT
D,1380,CTA
G,1381,TAT
M,1382,ATG
S,1383,TGG
M,1384,GGC
D,1385,GCT
L,1386,CTC
P,1387,TCC
L,1388,CCA
P,1389,CAC
P,1390,ACC
P,1391,CCC
P,1392,CCT
S,1393,CTT
A,1394,TTC
N,1395,TCC
Q,1396,CCT
I,1397,CTC
G,1398,TCC
L,1399,CCG
P,1400,CGG
S,1401,GGA
A,1402,GAG
Q,1403,AGA
V,1404,GAA
A,1405,AAG
A,1406,AGC
A,1407,GCT
E,1408,CTG
R,1409,TGC
R,1410,GCC
K,1411,CCC
R,1412,CCT
E,1413,CTA
E,1414,TAT
H,1415,ATT
Q,1416,TTT
R,1417,TTA
W,1418,TAG
Y,1419,AGT
E,1420,GTA
K,1421,TAG
E,1422,AGA
K,1423,GAG
A,1424,AGT
R,1425,GTT
L,1426,TTA
E,1427,TAA
E,1428,AAG
E,1429,AGC
R,1430,GCC
E,1431,CCC
R,1432,CCA
K,1433,CAG
R,1434,AGG
R,1435,GGG
E,1436,GGA
Q,1437,GAG
E,1438,AGA
R,1439,GAA
K,1440,AAG
L,1441,AGG
G,1442,GGA
Q,1443,GAA
M,1444,AAT
R,1445,ATC
T,1446,TCA
Q,1447,CAC
S,1448,ACT
L,1449,CTT
N,1450,TTT
P,1451,TTG
A,1452,TGC
P,1453,GCC
F,1454,CCT
S,1455,CTA
P,1456,TAC
L,1457,ACT
T,1458,CTA
A,1459,TAC
Q,1460,ACA
Q,1461,CAA
M,1462,AAC
K,1463,ACT
P,1464,CTA
E,1465,TAT
K,1466,ATC
P,1467,TCA
S,1468,CAC
T,1469,ACA
L,1470,CAC
Q,1471,ACT
R,1472,CTT
P,1473,TTA
Q,1474,TAC
E,1475,ACG
T,1476,CGA
V,1477,GAA
I,1478,AAG
R,1479,AGA
E,1480,GAT
L,1481,ATG
Q,1482,TGG
P,1483,GGT
Q,1484,GTT
Q,1485,TTC
Q,1486,TCT
P,1487,CTG
R,1488,TGA
T,1489,GAC
I,1490,ACT
E,1491,CTC
R,1492,TCT
R,1493,CTA
D,1494,TAG
L,1495,AGA
Q,1496,GAG
Y,1497,AGA
I,1498,GAT
T,1499,ATA
V,1500,TAA
S,1501,AAG
K,1502,AGC
E,1503,GCC
E,1504,CCA
L,1505,CAA
S,1506,AAA
S,1507,AAG
G,1508,AGC
D,1509,GCT
S,1510,CTT
L,1511,TTT
S,1512,TTA
P,1513,TAC
D,1514,ACC
P,1515,CCG
W,1516,CGC
K,1517,GCC
R,1518,CCT
D,1519,CTT
A,1520,TTC
K,1521,TCA
E,1522,CAG
K,1523,AGT
L,1524,GTT
E,1525,TTA
K,1526,TAA
Q,1527,AAG
Q,1528,AGT
Q,1529,GTG
M,1530,TGT
H,1531,GTT
I,1532,TTA
V,1533,TAC
D,1534,ACT
M,1535,CTG
L,1536,TGA
S,1537,GAA
K,1538,AAG
E,1539,AGT
I,1540,GTT
Q,1541,TTG
E,1542,TGG
L,1543,GGG
Q,1544,GGA
S,1545,GAC
K,1546,ACA
P,1547,CAG
D,1548,AGA
R,1549,GAA
S,1550,AAA
A,1551,AAA
E,1552,AAG
E,1553,AGT
S,1554,GTT
D,1555,TTG
R,1556,TGG
L,1557,GGA
R,1558,GAT
K,1559,ATG
L,1560,TGA
M,1561,GAC
L,1562,ACA
E,1563,CAA
W,1564,AAC
Q,1565,ACT
F,1566,CTC
Q,1567,TCT
K,1568,CTA
R,1569,TAT
L,1570,ATC
Q,1571,TCC
E,1572,CCA
S,1573,CAG
K,1574,AGT
Q,1575,GTT
K,1576,TTG
D,1577,TGT
E,1578,GTT
D,1579,TTT
D,1580,TTG
E,1581,TGG
E,1582,GGC
E,1583,GCC
E,1584,CCC
D,1585,CCA
D,1586,CAG
D,1587,AGG
V,1588,GGA
D,1589,GAA
T,1590,AAT
M,1591,ATT
L,1592,TTC
I,1593,TCA
M,1594,CAG
Q,1595,AGC
R,1596,GCC
L,1597,CCC
E,1598,CCC
A,1599,CCA
E,1600,CAT
R,1601,ATC
R,1602,TCA
A,1603,CAC
R,1604,ACT
L,1605,CTG
Q,1606,TGT
D,1607,GTG
E,1608,TGA
E,1609,GAC
R,1610,ACC
R,1611,CCT
R,1612,CTT
Q,1613,TTA
Q,1614,TAC
Q,1615,ACC
L,1616,CCA
E,1617,CAA
E,1618,AAC
M,1619,ACA
R,1620,CAT
K,1621,ATG
R,1622,TGG
E,1623,GGA
A,1624,GAT
E,1625,ATG
D,1626,TGG
R,1627,GGA
A,1628,GAG
R,1629,AGT
Q,1630,GTG
E,1631,TGG
E,1632,GGT
E,1633,GTC
R,1634,TCA
R,1635,CAC
R,1636,ACT
Q,1637,CTG
E,1638,TGT
E,1639,GTG
E,1640,TGA
R,1641,GAC
T,1642,ACG
K,1643,CGC
R,1644,GCC
D,1645,CCC
A,1646,CCA
E,1647,CAG
E,1648,AGA
K,1649,GAA
R,1650,AAG
R,1651,AGT
Q,1652,GTA
E,1653,TAT
E,1654,ATG
G,1655,TGG
Y,1656,GGA
Y,1657,GAC
S,1658,ACG
R,1659,CGC
L,1660,GCA
E,1661,CAG
A,1662,AGA
E,1663,GAA
R,1664,AAA
R,1665,AAC
R,1666,ACC
Q,1667,CCT
H,1668,CTA
D,1669,TAC
E,1670,ACG
A,1671,CGT
A,1672,GTG
R,1673,TGG
R,1674,GGA
L,1675,GAA
L,1676,AAG
E,1677,AGG
P,1678,GGC
E,1679,GCC
A,1680,CCA
P,1681,CAG
G,1682,AGC
L,1683,GCG
C,1684,CGC
R,1685,GCA
P,1686,CAT
P,1687,ATC
L,1688,TCT
P,1689,CTC
R,1690,TCA
D,1691,CAG
Y,1692,AGA
E,1693,GAA
P,1694,AAA
P,1695,AAC
S,1696,ACC
P,1697,CCA
S,1698,CAC
P,1699,ACC
A,1700,CCA
P,1701,CAT
G,1702,ATG
A,1703,TGC
P,1704,GCT
P,1705,CTG
P,1706,TGC
P,1707,GCA
P,1708,CAG
Q,1709,AGA
R,1710,GAG
N,1711,AGT
A,1712,GTG
S,1713,TGG
Y,1714,GGC
L,1715,GCA
K,1716,CAT
T,1717,ATG
Q,1718,TGA
V,1719,GAA
L,1720,AAA
S,1721,AAG
P,1722,AGT
D,1723,GTG
S,1724,TGC
L,1725,GCA
F,1726,CAG
T,1727,AGT
A,1728,GTT
K,1729,TTT
F,1730,TTG
V,1731,TGG
A,1732,GGG
Y,1733,GGG
N,1734,GGC
E,1735,GCG
E,1736,CGT
E,1737,GTC
E,1738,TCC
E,1739,CCC
E,1740,CCA
D,1741,CAT
C,1742,ATG
S,1743,TGT
L,1744,GTA
A,1745,TAT
G,1746,ATT
P,1747,TTT
N,1748,TTA
S,1749,TAA
Y,1750,AAG
P,1751,AGT
G,1752,GTT
S,1753,TTT
T,1754,TTG
G,1755,TGT
A,1756,GTG
A,1757,TGG
V,1758,GGA
G,1759,GAC
A,1760,ACC
H,1761,CCC
D,1762,CCC
A,1763,CCA
C,1764,CAG
R,1765,AGT
D,1766,GTC
A,1767,TCA
K,1768,CAG
E,1769,AGG
K,1770,GGA
R,1771,GAT
S,1772,ATC
K,1773,TCA
S,1774,CAT
Q,1775,ATG
D,1776,TGC
A,1777,GCT
D,1778,CTC
S,1779,TCT
P,1780,CTT
G,1781,TTG
S,1782,TGC
S,1783,GCA
G,1784,CAA
A,1785,AAA
P,1786,AAA
E,1787,AAA
N,1788,AAG
L,1789,AGA
T,1790,GAT
F,1791,ATC
K,1792,TCT
E,1793,CTG
R,1794,TGT
Q,1795,GTG
R,1796,TGG
L,1797,GGA
F,1798,GAT
S,1799,ATG
Q,1800,TGG
G,1801,GGA
Q,1802,GAG
D,1803,AGG
V,1804,GGC
S,1805,GCC
N,1806,CCT
K,1807,CTG
V,1808,TGA
K,1809,GAT
A,1810,ATG
S,1811,TGG
R,1812,GGT
K,1813,GTT
L,1814,TTA
T,1815,TAA
E,1816,AAG
L,1817,AGG
E,1818,GGG
N,1819,GGC
E,1820,GCC
L,1821,CCC
N,1822,CCA
T,1823,CAA
K,1824,AAG
