Amino acid,Amino acid position,Codon
W,1,GGA
S,2,GAA
A,3,AAA
Q,4,AAT
R,5,ATA
K,6,TAG
G,7,AGA
R,8,GAT
I,9,ATA
V,10,TAG
D,11,AGG
S,12,GGA
C,13,GAG
P,14,AGT
P,15,GTG
A,16,TGG
P,17,GGA
Q,18,GAT
N,19,ATT
P,20,TTT
E,21,TTG
C,22,TGT
L,23,GTG
H,24,TGC
K,25,GCT
I,26,CTT
M,27,TTT
L,28,TTA
A,29,TAG
F,30,AGA
P,31,GAA
M,32,AAT
N,33,ATG
E,34,TGA
T,35,GAT
F,36,ATC
C,37,TCA
C,38,CAC
L,39,ACT
W,40,CTC
I,41,TCT
A,42,CTA
C,43,TAC
V,44,ACT
F,45,CTC
N,46,TCT
S,47,CTA
T,48,TAA
L,49,AAG
A,50,AGA
Q,51,GAC
Q,52,ACT
G,53,CTA
T,54,TAG
E,55,AGG
S,56,GGA
F,57,GAA
Q,58,AAA
C,59,AAT
D,60,ATG
N,61,TGA
G,62,GAG
V,63,AGT
S,64,GTT
L,65,TTG
P,66,TGT
P,67,GTG
D,68,TGA
S,69,GAG
I,70,AGT
C,71,GTA
D,72,TAC
F,73,ACC
T,74,CCA
D,75,CAG
Q,76,AGA
C,77,GAA
G,78,AAA
D,79,AAC
S,80,ACA
S,81,CAT
D,82,ATG
E,83,TGC
R,84,GCT
H,85,CTG
C,86,TGA
L,87,GAG
N,88,AGA
Y,89,GAT
E,90,ATG
R,91,TGA
C,92,GAG
D,93,AGA
F,94,GAA
E,95,AAT
D,96,ATG
G,97,TGG
L,98,GGA
C,99,GAT
H,100,ATA
M,101,TAG
T,102,AGA
Q,103,GAG
D,104,AGT
Q,105,GTC
S,106,TCT
L,107,CTT
Q,108,TTC
P,109,TCA
S,110,CAA
W,111,AAC
T,112,ACG
K,113,CGG
R,114,GGA
S,115,GAA
G,116,AAA
M,117,AAT
I,118,ATA
G,119,TAT
L,120,ATG
S,121,TGG
P,122,GGA
P,123,GAA
F,124,AAA
Y,125,AAA
D,126,AAT
H,127,ATA
N,128,TAC
G,129,ACC
D,130,CCA
V,131,CAG
S,132,AGA
A,133,GAC
H,134,ACA
F,135,CAG
L,136,AGG
S,137,GGG
L,138,GGT
V,139,GTG
S,140,TGA
R,141,GAT
V,142,ATT
D,143,TTA
S,144,TAA
I,145,AAT
S,146,ATA
S,147,TAG
S,148,AGG
L,149,GGT
R,150,GTA
S,151,TAG
R,152,AGG
V,153,GGA
F,154,GAT
L,155,ATA
P,156,TAG
T,157,AGG
N,158,GGT
D,159,GTG
Q,160,TGA
H,161,GAG
D,162,AGA
C,163,GAG
Q,164,AGT
I,165,GTA
T,166,TAG
F,167,AGT
Y,168,GTC
Y,169,TCC
F,170,CCA
S,171,CAG
C,172,AGG
Q,173,GGA
V,174,GAA
S,175,AAC
G,176,ACA
K,177,CAA
L,178,AAT
M,179,ATC
V,180,TCT
G,181,CTA
L,182,TAC
Q,183,ACA
T,184,CAG
A,185,AGG
C,186,GGT
G,187,GTT
G,188,TTC
P,189,TCC
I,190,CCT
Q,191,CTT
H,192,TTA
L,193,TAC
W,194,ACT
Q,195,CTT
N,196,TTG
T,197,TGG
A,198,GGG
A,199,GGT
L,200,GTA
P,201,TAA
N,202,AAT
Q,203,ATT
W,204,TTG
E,205,TGG
R,206,GGA
N,207,GAC
V,208,ACA
I,209,CAG
K,210,AGA
I,211,GAA
Q,212,AAG
S,213,AGA
S,214,GAA
Q,215,AAG
R,216,AGG
F,217,GGT
Q,218,GTA
V,219,TAC
V,220,ACC
F,221,CCA
E,222,CAT
G,223,ATT
Q,224,TTC
M,225,TCA
A,226,CAT
S,227,ATT
T,228,TTG
Y,229,TGA
E,230,GAA
Q,231,AAA
D,232,AAT
E,233,ATA
V,234,TAT
I,235,ATG
A,236,TGG
I,237,GGA
D,238,GAA
D,239,AAC
I,240,ACA
S,241,CAT
F,242,ATG
S,243,TGG
S,244,GGG
G,245,GGA
C,246,GAG
L,247,AGT
P,248,GTA
A,249,TAA
N,250,AAG
D,251,AGA
G,252,GAG
I,253,AGC
L,254,GCT
L,255,CTG
C,256,TGG
Q,257,GGT
E,258,GTT
A,259,TTG
L,260,TGG
N,261,GGC
A,262,GCG
E,263,CGG
R,264,GGT
E,265,GTG
L,266,TGG
C,267,GGG
H,268,GGG
P,269,GGG
D,270,GGA
T,271,GAA
D,272,AAA
L,273,AAG
C,274,AGG
R,275,GGA
F,276,GAA
D,277,AAA
A,278,AAA
T,279,AAT
D,280,ATG
E,281,TGA
E,282,GAG
L,283,AGT
R,284,GTT
L,285,TTT
C,286,TTA
Q,287,TAG
A,288,AGT
C,289,GTT
G,290,TTT
F,291,TTT
E,292,TTC
F,293,TCT
D,294,CTA
M,295,TAT
C,296,ATA
E,297,TAA
W,298,AAA
T,299,AAA
S,300,AAG
E,301,AGT
A,302,GTA
S,303,TAG
A,304,AGA
G,305,GAT
Q,306,ATG
I,307,TGT
S,308,GTG
W,309,TGT
M,310,GTT
R,311,TTA
T,312,TAA
K,313,AAT
A,314,ATT
R,315,TTA
E,316,TAG
I,317,AGG
P,318,GGT
A,319,GTG
F,320,TGT
E,321,GTG
S,322,TGT
T,323,GTG
P,324,TGT
Q,325,GTG
Q,326,TGT
D,327,GTG
Q,328,TGT
G,329,GTG
G,330,TGT
D,331,GTG
D,332,TGT
E,333,GTG
G,334,TGT
Y,335,GTG
Y,336,TGT
V,337,GTG
W,338,TGT
V,339,GTG
G,340,TGT
A,341,GTG
K,342,TGT
H,343,GTG
G,344,TGT
F,345,GTG
T,346,TGT
L,347,GTC
N,348,TCT
H,349,CTG
L,350,TGC
D,351,GCG
S,352,CGT
R,353,GTG
A,354,TGT
Y,355,GTT
L,356,TTC
N,357,TCT
S,358,CTC
S,359,TCA
V,360,CAG
C,361,AGG
H,362,GGA
C,363,GAA
L,364,AAG
G,365,AGA
K,366,GAA
S,367,AAG
C,368,AGT
H,369,GTG
L,370,TGC
Q,371,GCA
F,372,CAT
Y,373,ATA
Y,374,TAT
A,375,ATC
M,376,TCA
E,377,CAG
S,378,AGG
S,379,GGA
V,380,GAT
L,381,ATT
R,382,TTG
V,383,TGT
R,384,GTA
L,385,TAG
Y,386,AGA
N,387,GAA
N,388,AAG
K,389,AGA
E,390,GAG
E,391,AGA
E,392,GAT
I,393,ATT
F,394,TTG
W,395,TGA
T,396,GAG
Y,397,AGG
N,398,GGA
I,399,GAA
S,400,AAA
T,401,AAC
H,402,ACA
S,403,CAA
Q,404,AAA
W,405,AAA
V,406,AAA
K,407,AAT
A,408,ATA
D,409,TAA
V,410,AAA
L,411,AAG
I,412,AGA
P,413,GAG
E,414,AGA
D,415,GAT
L,416,ATC
K,417,TCT
T,418,CTT
F,419,TTA
K,420,TAC
I,421,ACT
I,422,CTT
F,423,TTG
E,424,TGA
G,425,GAA
T,426,AAA
L,427,AAT
L,428,ATC
S,429,TCA
Q,430,CAT
R,431,ATG
S,432,TGA
F,433,GAG
I,434,AGA
A,435,GAG
L,436,AGT
D,437,GTG
H,438,TGA
L,439,GAA
W,440,AAG
V,441,AGA
Y,442,GAG
A,443,AGA
C,444,GAG
G,445,AGA
Q,446,GAG
T,447,AGC
Q,448,GCC
S,449,CCT
R,450,CTA
K,451,TAG
L,452,AGA
C,453,GAA
S,454,AAA
A,455,AAA
D,456,AAA
E,457,AAA
F,458,AAT
P,459,ATT
C,460,TTT
T,461,TTA
S,462,TAT
G,463,ATT
Q,464,TTA
C,465,TAA
I,466,AAT
A,467,ATA
K,468,TAT
E,469,ATA
S,470,TAA
V,471,AAT
C,472,ATC
D,473,TCT
S,474,CTT
R,475,TTA
Q,476,TAG
D,477,AGG
C,478,GGA
S,479,GAG
D,480,AGA
E,481,GAA
S,482,AAA
D,483,AAG
E,484,AGG
D,485,GGA
P,486,GAG
A,487,AGA
T,488,GAA
C,489,AAC
S,490,ACT
K,491,CTT
H,492,TTA
L,493,TAA
T,494,AAA
C,495,AAA
D,496,AAT
F,497,ATG
E,498,TGG
S,499,GGA
G,500,GAA
F,501,AAC
C,502,ACT
G,503,CTA
W,504,TAT
E,505,ATA
P,506,TAA
F,507,AAG
L,508,AGG
T,509,GGA
E,510,GAT
D,511,ATA
S,512,TAG
H,513,AGT
W,514,GTC
K,515,TCA
L,516,CAG
M,517,AGC
K,518,GCA
G,519,CAT
L,520,ATT
N,521,TTT
N,522,TTA
G,523,TAA
E,524,AAG
H,525,AGG
H,526,GGG
F,527,GGA
P,528,GAC
A,529,ACA
A,530,CAA
D,531,AAG
H,532,AGC
T,533,GCA
A,534,CAA
N,535,AAA
I,536,AAG
N,537,AGA
H,538,GAA
G,539,AAA
S,540,AAA
F,541,AAA
I,542,AAG
Y,543,AGA
L,544,GAG
E,545,AGG
A,546,GGT
Q,547,GTA
R,548,TAG
S,549,AGA
P,550,GAT
G,551,ATG
V,552,TGA
A,553,GAA
K,554,AAG
L,555,AGG
G,556,GGA
S,557,GAT
P,558,ATT
V,559,TTT
L,560,TTA
T,561,TAT
K,562,ATT
L,563,TTA
L,564,TAG
T,565,AGT
A,566,GTA
S,567,TAT
T,568,ATT
P,569,TTT
C,570,TTG
Q,571,TGT
L,572,GTT
I,573,TTT
L,574,TTG
E,575,TGC
A,576,GCA
T,577,CAA
V,578,AAA
L,579,AAA
S,580,AAC
S,581,ACA
N,582,CAG
A,583,AGA
T,584,GAG
V,585,AGG
A,586,GGG
L,587,GGG
D,588,GGT
D,589,GTA
I,590,TAA
S,591,AAG
V,592,AGA
S,593,GAA
Q,594,AAG
E,595,AGA
C,596,GAA
E,597,AAT
I,598,ATA
S,599,TAA
Y,600,AAA
K,601,AAT
S,602,ATA
L,603,TAT
P,604,ATA
R,605,TAT
T,606,ATG
S,607,TGA
T,608,GAA
Q,609,AAA
S,610,AAC
K,611,ACA
F,612,CAG
S,613,AGG
K,614,GGG
C,615,GGC
D,616,GCT
F,617,CTG
E,618,TGA
A,619,GAA
N,620,AAG
S,621,AGC
C,622,GCA
D,623,CAC
W,624,ACA
F,625,CAG
E,626,AGT
A,627,GTG
I,628,TGC
S,629,GCA
G,630,CAA
D,631,AAC
H,632,ACA
F,633,CAA
D,634,AAA
W,635,AAA
I,636,AAT
R,637,ATG
S,638,TGT
S,639,GTT
Q,640,TTA
S,641,TAG
E,642,AGA
L,643,GAT
S,644,ATT
A,645,TTA
D,646,TAT
F,647,ATG
E,648,TGT
H,649,GTG
Q,650,TGG
A,651,GGA
P,652,GAG
P,653,AGT
R,654,GTG
D,655,TGC
H,656,GCT
S,657,CTC
L,658,TCA
N,659,CAG
A,660,AGA
S,661,GAG
Q,662,AGG
G,663,GGA
H,664,GAA
F,665,AAA
M,666,AAG
F,667,AGG
I,668,GGC
L,669,GCA
K,670,CAG
K,671,AGA
S,672,GAA
S,673,AAT
S,674,ATT
L,675,TTG
W,676,TGT
Q,677,GTG
V,678,TGG
A,679,GGA
K,680,GAT
L,681,ATT
Q,682,TTC
S,683,TCC
P,684,CCT
T,685,CTG
F,686,TGT
S,687,GTC
Q,688,TCC
T,689,CCC
G,690,CCC
P,691,CCC
G,692,CCT
C,693,CTG
I,694,TGC
L,695,GCC
S,696,CCC
F,697,CCC
W,698,CCC
F,699,CCC
Y,700,CCA
N,701,CAG
Y,702,AGA
G,703,GAA
L,704,AAT
S,705,ATC
V,706,TCC
G,707,CCA
A,708,CAG
A,709,AGA
E,710,GAA
L,711,AAT
Q,712,ATG
L,713,TGT
H,714,GTC
M,715,TCT
E,716,CTA
N,717,TAC
S,718,ACA
H,719,CAC
D,720,ACA
S,721,CAA
T,722,AAA
V,723,AAA
I,724,AAT
W,725,ATA
R,726,TAA
V,727,AAT
L,728,ATG
Y,729,TGT
N,730,GTT
Q,731,TTG
G,732,TGG
K,733,GGC
Q,734,GCA
W,735,CAT
L,736,ATT
E,737,TTC
A,738,TCC
T,739,CCC
I,740,CCC
Q,741,CCA
L,742,CAT
G,743,ATG
R,744,TGA
L,745,GAA
S,746,AAT
Q,747,ATG
P,748,TGA
F,749,GAA
H,750,AAA
L,751,AAC
S,752,ACT
L,753,CTT
D,754,TTT
K,755,TTT
V,756,TTT
S,757,TTG
L,758,TGT
G,759,GTT
I,760,TTG
Y,761,TGC
D,762,GCC
G,763,CCT
V,764,CTT
S,765,TTT
A,766,TTG
I,767,TGG
D,768,GGA
D,769,GAT
I,770,ATT
R,771,TTG
F,772,TGC
E,773,GCC
N,774,CCT
C,775,CTG
T,776,TGT
L,777,GTG
P,778,TGT
L,779,GTT
P,780,TTT
A,781,TTT
E,782,TTC
S,783,TCA
C,784,CAA
E,785,AAT
G,786,ATT
L,787,TTC
D,788,TCT
H,789,CTA
F,790,TAC
W,791,ACA
C,792,CAC
R,793,ACT
H,794,CTG
T,795,TGG
R,796,GGC
A,797,GCT
C,798,CTC
I,799,TCA
E,800,CAG
K,801,AGC
L,802,GCA
R,803,CAA
L,804,AAG
C,805,AGG
D,806,GGG
L,807,GGA
V,808,GAC
D,809,ACA
D,810,CAG
C,811,AGA
G,812,GAA
D,813,AAA
R,814,AAG
T,815,AGC
D,816,GCT
E,817,CTT
V,818,TTT
N,819,TTC
C,820,TCA
A,821,CAG
P,822,AGT
E,823,GTG
L,824,TGT
Q,825,GTG
C,826,TGA
N,827,GAC
F,828,ACA
E,829,CAA
T,830,AAT
G,831,ATG
I,832,TGG
C,833,GGA
N,834,GAG
W,835,AGT
E,836,GTC
Q,837,TCT
D,838,CTC
A,839,TCC
K,840,CCT
D,841,CTT
D,842,TTG
F,843,TGC
D,844,GCC
W,845,CCT
T,846,CTC
R,847,TCC
S,848,CCT
Q,849,CTG
G,850,TGA
P,851,GAC
T,852,ACA
P,853,CAG
T,854,AGC
L,855,GCA
N,856,CAT
T,857,ATT
G,858,TTT
P,859,TTG
M,860,TGT
K,861,GTG
D,862,TGA
N,863,GAC
T,864,ACT
L,865,CTT
G,866,TTC
T,867,TCA
A,868,CAC
K,869,ACA
G,870,CAG
H,871,AGA
Y,872,GAT
L,873,ATC
Y,874,TCA
I,875,CAG
E,876,AGT
S,877,GTG
S,878,TGT
E,879,GTG
P,880,TGG
Q,881,GGG
A,882,GGG
F,883,GGA
Q,884,GAT
D,885,ATA
S,886,TAG
A,887,AGC
A,888,GCA
L,889,CAG
L,890,AGT
S,891,GTG
P,892,TGA
I,893,GAT
L,894,ATG
N,895,TGA
A,896,GAA
T,897,AAC
D,898,ACG
T,899,CGG
K,900,GGC
G,901,GCA
C,902,CAC
T,903,ACT
F,904,CTG
R,905,TGT
F,906,GTT
Y,907,TTT
Y,908,TTG
H,909,TGA
M,910,GAA
F,911,AAT
G,912,ATT
K,913,TTA
R,914,TAT
I,915,ATG
Y,916,TGA
R,917,GAA
L,918,AAA
A,919,AAG
I,920,AGA
Y,921,GAT
Q,922,ATG
R,923,TGT
I,924,GTG
W,925,TGA
S,926,GAT
D,927,ATT
S,928,TTT
R,929,TTT
G,930,TTG
Q,931,TGA
L,932,GAG
L,933,AGG
W,934,GGA
Q,935,GAT
I,936,ATG
F,937,TGG
G,938,GGT
N,939,GTC
Q,940,TCT
G,941,CTC
N,942,TCT
R,943,CTG
W,944,TGT
I,945,GTC
R,946,TCA
K,947,CAT
H,948,ATA
L,949,TAT
N,950,ATG
I,951,TGA
S,952,GAC
S,953,ACT
R,954,CTC
Q,955,TCA
P,956,CAA
F,957,AAG
Q,958,AGA
I,959,GAT
L,960,ATC
V,961,TCA
E,962,CAG
A,963,AGA
S,964,GAG
V,965,AGT
G,966,GTC
D,967,TCT
G,968,CTG
F,969,TGC
T,970,GCA
G,971,CAA
D,972,AAC
I,973,ACC
A,974,CCT
I,975,CTA
D,976,TAG
D,977,AGT
L,978,GTT
S,979,TTG
F,980,TGG
M,981,GGA
D,982,GAC
C,983,ACA
T,984,CAA
L,985,AAA
Y,986,AAG
P,987,AGA
G,988,GAG
N,989,AGA
L,990,GAA
P,991,AAG
A,992,AGT
D,993,GTG
L,994,TGG
P,995,GGG
T,996,GGA
P,997,GAT
P,998,ATG
E,999,TGA
T,1000,GAT
S,1001,ATT
V,1002,TTG
P,1003,TGG
V,1004,GGT
T,1005,GTC
L,1006,TCT
P,1007,CTA
P,1008,TAT
H,1009,ATC
N,1010,TCA
C,1011,CAC
T,1012,ACC
D,1013,CCT
N,1014,CTC
E,1015,TCC
F,1016,CCA
I,1017,CAT
C,1018,ATT
R,1019,TTT
S,1020,TTT
D,1021,TTA
G,1022,TAT
H,1023,ATG
C,1024,TGA
I,1025,GAT
E,1026,ATC
K,1027,TCA
M,1028,CAC
Q,1029,ACA
K,1030,CAA
C,1031,AAT
D,1032,ATG
F,1033,TGG
K,1034,GGT
Y,1035,GTG
D,1036,TGA
C,1037,GAT
P,1038,ATG
D,1039,TGT
K,1040,GTG
S,1041,TGT
D,1042,GTC
E,1043,TCT
A,1044,CTG
S,1045,TGC
C,1046,GCT
V,1047,CTC
M,1048,TCA
E,1049,CAC
V,1050,ACT
C,1051,CTT
S,1052,TTC
F,1053,TCC
E,1054,CCT
K,1055,CTC
R,1056,TCT
S,1057,CTC
L,1058,TCA
C,1059,CAC
K,1060,ACT
W,1061,CTG
Y,1062,TGG
Q,1063,GGT
P,1064,GTT
I,1065,TTT
P,1066,TTC
V,1067,TCC
H,1068,CCA
L,1069,CAG
L,1070,AGA
Q,1071,GAG
D,1072,AGT
S,1073,GTG
N,1074,TGG
T,1075,GGA
F,1076,GAT
R,1077,ATT
W,1078,TTC
G,1079,TCT
L,1080,CTA
G,1081,TAT
N,1082,ATT
G,1083,TTT
I,1084,TTC
S,1085,TCC
I,1086,CCT
H,1087,CTC
H,1088,TCA
G,1089,CAA
E,1090,AAG
E,1091,AGT
N,1092,GTT
H,1093,TTT
R,1094,TTA
P,1095,TAA
S,1096,AAG
V,1097,AGA
D,1098,GAA
H,1099,AAG
T,1100,AGC
Q,1101,GCA
N,1102,CAG
T,1103,AGA
T,1104,GAG
D,1105,AGT
G,1106,GTT
W,1107,TTT
Y,1108,TTT
L,1109,TTC
Y,1110,TCC
A,1111,CCT
D,1112,CTT
S,1113,TTC
S,1114,TCC
N,1115,CCA
G,1116,CAA
K,1117,AAC
F,1118,ACA
G,1119,CAA
D,1120,AAA
T,1121,AAT
A,1122,ATG
D,1123,TGA
I,1124,GAT
L,1125,ATC
T,1126,TCA
P,1127,CAA
I,1128,AAC
I,1129,ACA
S,1130,CAT
L,1131,ATG
T,1132,TGA
G,1133,GAC
P,1134,ACT
K,1135,CTG
C,1136,TGC
T,1137,GCC
L,1138,CCA
V,1139,CAG
F,1140,AGA
W,1141,GAT
T,1142,ATT
H,1143,TTA
M,1144,TAC
N,1145,ACA
G,1146,CAT
A,1147,ATT
T,1148,TTT
V,1149,TTT
G,1150,TTA
S,1151,TAT
L,1152,ATT
Q,1153,TTA
V,1154,TAC
L,1155,ACT
I,1156,CTT
K,1157,TTC
K,1158,TCT
D,1159,CTC
N,1160,TCC
V,1161,CCT
T,1162,CTG
S,1163,TGC
K,1164,GCC
L,1165,CCA
W,1166,CAA
A,1167,AAG
Q,1168,AGT
T,1169,GTG
G,1170,TGA
Q,1171,GAG
Q,1172,AGT
G,1173,GTG
A,1174,TGG
Q,1175,GGC
W,1176,GCA
K,1177,CAA
R,1178,AAA
A,1179,AAT
E,1180,ATT
V,1181,TTA
F,1182,TAA
L,1183,AAT
G,1184,ATG
I,1185,TGG
R,1186,GGT
S,1187,GTT
H,1188,TTG
T,1189,TGG
Q,1190,GGG
I,1191,GGC
V,1192,GCT
F,1193,CTT
R,1194,TTC
A,1195,TCA
K,1196,CAA
R,1197,AAA
G,1198,AAC
I,1199,ACT
S,1200,CTG
Y,1201,TGC
I,1202,GCA
G,1203,CAT
D,1204,ATG
V,1205,TGT
A,1206,GTG
V,1207,TGG
D,1208,GGA
D,1209,GAG
I,1210,AGG
S,1211,GGT
F,1212,GTC
Q,1213,TCC
D,1214,CCT
C,1215,CTA
S,1216,TAT
P,1217,ATT
L,1218,TTC
L,1219,TCA
S,1220,CAG
P,1221,AGC
E,1222,GCA
R,1223,CAT
K,1224,ATT
C,1225,TTT
T,1226,TTA
D,1227,TAT
H,1228,ATG
E,1229,TGG
F,1230,GGC
M,1231,GCA
C,1232,CAA
A,1233,AAA
N,1234,AAA
K,1235,AAC
H,1236,ACA
C,1237,CAC
I,1238,ACA
A,1239,CAG
K,1240,AGC
D,1241,GCT
K,1242,CTG
L,1243,TGC
C,1244,GCA
D,1245,CAC
F,1246,ACT
V,1247,CTC
N,1248,TCC
D,1249,CCC
C,1250,CCA
A,1251,CAA
D,1252,AAA
N,1253,AAT
S,1254,ATC
D,1255,TCA
E,1256,CAG
T,1257,AGT
T,1258,GTG
F,1259,TGG
I,1260,GGG
C,1261,GGA
R,1262,GAG
T,1263,AGA
S,1264,GAG
S,1265,AGA
G,1266,GAA
R,1267,AAA
C,1268,AAT
D,1269,ATG
F,1270,TGT
E,1271,GTC
F,1272,TCA
D,1273,CAT
L,1274,ATC
C,1275,TCA
S,1276,CAA
W,1277,AAA
K,1278,AAA
Q,1279,AAT
E,1280,ATC
K,1281,TCC
D,1282,CCA
E,1283,CAG
D,1284,AGA
F,1285,GAG
D,1286,AGT
W,1287,GTT
N,1288,TTC
L,1289,TCA
K,1290,CAC
A,1291,ACA
S,1292,CAG
S,1293,AGA
I,1294,GAG
P,1295,AGA
A,1296,GAT
A,1297,ATT
G,1298,TTT
T,1299,TTC
E,1300,TCA
P,1301,CAG
A,1302,AGG
A,1303,GGT
D,1304,GTT
H,1305,TTG
T,1306,TGT
L,1307,GTT
G,1308,TTT
N,1309,TTT
S,1310,TTT
S,1311,TTG
G,1312,TGA
H,1313,GAA
Y,1314,AAG
I,1315,AGG
F,1316,GGT
I,1317,GTC
K,1318,TCA
S,1319,CAA
L,1320,AAA
F,1321,AAT
P,1322,ATG
Q,1323,TGG
Q,1324,GGC
P,1325,GCT
M,1326,CTT
R,1327,TTC
A,1328,TCA
A,1329,CAA
R,1330,AAC
I,1331,ACG
S,1332,CGT
S,1333,GTA
P,1334,TAT
V,1335,ATG
I,1336,TGA
S,1337,GAA
K,1338,AAC
R,1339,ACA
S,1340,CAG
K,1341,AGG
N,1342,GGA
C,1343,GAT
K,1344,ATG
I,1345,TGA
I,1346,GAA
F,1347,AAG
H,1348,AGT
Y,1349,GTC
H,1350,TCA
M,1351,CAT
Y,1352,ATT
G,1353,TTG
N,1354,TGC
G,1355,GCT
I,1356,CTA
G,1357,TAT
A,1358,ATT
L,1359,TTG
T,1360,TGA
L,1361,GAT
M,1362,ATG
Q,1363,TGA
V,1364,GAT
S,1365,ATA
V,1366,TAT
T,1367,ATA
N,1368,TAT
Q,1369,ATC
T,1370,TCT
K,1371,CTT
V,1372,TTT
L,1373,TTC
L,1374,TCA
N,1375,CAG
L,1376,AGT
T,1377,GTT
V,1378,TTC
E,1379,TCA
Q,1380,CAG
G,1381,AGG
N,1382,GGC
F,1383,GCT
W,1384,CTG
R,1385,TGC
R,1386,GCT
E,1387,CTT
E,1388,TTG
L,1389,TGC
S,1390,GCC
L,1391,CCT
F,1392,CTG
G,1393,TGC
D,1394,GCC
E,1395,CCA
D,1396,CAA
F,1397,AAT
Q,1398,ATG
L,1399,TGA
K,1400,GAT
F,1401,ATG
E,1402,TGG
G,1403,GGA
R,1404,GAA
V,1405,AAT
G,1406,ATT
K,1407,TTT
G,1408,TTT
Q,1409,TTA
R,1410,TAC
G,1411,ACT
D,1412,CTG
I,1413,TGT
A,1414,GTG
L,1415,TGT
D,1416,GTC
D,1417,TCA
I,1418,CAA
V,1419,AAG
L,1420,AGA
T,1421,GAA
E,1422,AAG
N,1423,AGC
C,1424,GCA
L,1425,CAT
S,1426,ATT
L,1427,TTG
H,1428,TGA
D,1429,GAA
S,1430,AAT
V,1431,ATG
Q,1432,TGC
E,1433,GCT
E,1434,CTG
L,1435,TGA
A,1436,GAG
V,1437,AGC
P,1438,GCG
L,1439,CGG
P,1440,GGG
T,1441,GGA
G,1442,GAG
F,1443,AGC
C,1444,GCT
P,1445,CTA
L,1446,TAT
G,1447,ATG
Y,1448,TGC
R,1449,GCC
E,1450,CCA
C,1451,CAT
H,1452,ATC
N,1453,TCC
G,1454,CCA
K,1455,CAG
C,1456,AGA
Y,1457,GAT
R,1458,ATA
L,1459,TAC
E,1460,ACA
Q,1461,CAG
S,1462,AGA
C,1463,GAT
N,1464,ATC
F,1465,TCT
V,1466,CTC
D,1467,TCT
N,1468,CTG
C,1469,TGC
G,1470,GCA
D,1471,CAG
N,1472,AGA
T,1473,GAT
D,1474,ATT
E,1475,TTT
N,1476,TTG
E,1477,TGA
C,1478,GAT
G,1479,ATG
S,1480,TGC
S,1481,GCT
C,1482,CTA
T,1483,TAC
F,1484,ACA
E,1485,CAG
K,1486,AGA
G,1487,GAT
W,1488,ATG
C,1489,TGA
G,1490,GAA
W,1491,AAG
Q,1492,AGA
N,1493,GAG
S,1494,AGT
Q,1495,GTT
A,1496,TTG
D,1497,TGA
N,1498,GAG
F,1499,AGA
D,1500,GAT
W,1501,ATT
V,1502,TTG
L,1503,TGT
G,1504,GTG
V,1505,TGT
G,1506,GTC
S,1507,TCA
H,1508,CAG
Q,1509,AGG
S,1510,GGC
L,1511,GCC
R,1512,CCT
P,1513,CTG
P,1514,TGT
K,1515,GTG
D,1516,TGG
H,1517,GGG
T,1518,GGT
L,1519,GTT
G,1520,TTT
N,1521,TTG
E,1522,TGA
N,1523,GAA
G,1524,AAT
H,1525,ATT
F,1526,TTT
M,1527,TTG
Y,1528,TGA
L,1529,GAC
E,1530,ACA
A,1531,CAT
T,1532,ATG
A,1533,TGT
V,1534,GTG
G,1535,TGT
L,1536,GTG
R,1537,TGA
G,1538,GAG
D,1539,AGT
K,1540,GTG
A,1541,TGG
H,1542,GGA
F,1543,GAC
R,1544,ACG
S,1545,CGT
T,1546,GTC
M,1547,TCA
W,1548,CAG
R,1549,AGA
E,1550,GAA
S,1551,AAG
S,1552,AGC
A,1553,GCA
A,1554,CAT
C,1555,ATC
T,1556,TCT
M,1557,CTG
S,1558,TGC
F,1559,GCT
W,1560,CTG
Y,1561,TGG
F,1562,GGC
V,1563,GCC
S,1564,CCA
A,1565,CAA
K,1566,AAA
A,1567,AAT
T,1568,ATT
G,1569,TTT
S,1570,TTC
I,1571,TCC
Q,1572,CCT
I,1573,CTG
L,1574,TGG
I,1575,GGA
K,1576,GAT
T,1577,ATG
E,1578,TGC
K,1579,GCG
G,1580,CGC
L,1581,GCA
S,1582,CAC
K,1583,ACA
V,1584,CAA
W,1585,AAA
Q,1586,AAA
E,1587,AAG
S,1588,AGC
K,1589,GCG
Q,1590,CGA
N,1591,GAG
P,1592,AGA
G,1593,GAG
N,1594,AGA
H,1595,GAG
W,1596,AGA
Q,1597,GAT
K,1598,ATC
A,1599,TCC
D,1600,CCC
I,1601,CCT
L,1602,CTG
L,1603,TGC
G,1604,GCA
K,1605,CAT
L,1606,ATT
R,1607,TTC
N,1608,TCG
F,1609,CGA
E,1610,GAA
V,1611,AAT
I,1612,ATC
F,1613,TCC
Q,1614,CCA
G,1615,CAC
I,1616,ACA
R,1617,CAC
T,1618,ACC
R,1619,CCT
D,1620,CTC
L,1621,TCA
G,1622,CAG
G,1623,AGC
G,1624,GCA
A,1625,CAG
A,1626,AGG
I,1627,GGA
D,1628,GAT
D,1629,ATC
I,1630,TCA
E,1631,CAA
F,1632,AAG
K,1633,AGG
N,1634,GGA
C,1635,GAG
T,1636,AGG
T,1637,GGT
V,1638,GTG
G,1639,TGA
E,1640,GAT
I,1641,ATG
S,1642,TGA
E,1643,GAT
L,1644,ATG
C,1645,TGA
P,1646,GAA
E,1647,AAG
I,1648,AGG
T,1649,GGT
D,1650,GTT
F,1651,TTA
L,1652,TAT
C,1653,ATT
R,1654,TTA
D,1655,TAT
K,1656,ATG
K,1657,TGT
C,1658,GTA
I,1659,TAT
A,1660,ATG
S,1661,TGG
H,1662,GGG
L,1663,GGT
L,1664,GTA
C,1665,TAG
D,1666,AGG
Y,1667,GGC
K,1668,GCG
P,1669,CGC
D,1670,GCT
C,1671,CTA
S,1672,TAA
D,1673,AAG
R,1674,AGC
S,1675,GCA
D,1676,CAT
E,1677,ATG
A,1678,TGG
H,1679,GGT
C,1680,GTT
A,1681,TTT
H,1682,TTC
Y,1683,TCA
T,1684,CAC
S,1685,ACT
T,1686,CTC
T,1687,TCT
G,1688,CTT
S,1689,TTA
C,1690,TAA
N,1691,AAC
F,1692,ACC
E,1693,CCA
T,1694,CAT
S,1695,ATT
S,1696,TTT
G,1697,TTA
N,1698,TAG
W,1699,AGA
T,1700,GAC
T,1701,ACA
A,1702,CAG
C,1703,AGC
S,1704,GCA
L,1705,CAG
T,1706,AGG
Q,1707,GGG
D,1708,GGC
S,1709,GCT
E,1710,CTT
D,1711,TTA
D,1712,TAC
L,1713,ACC
D,1714,CCT
W,1715,CTA
A,1716,TAA
I,1717,AAA
G,1718,AAT
S,1719,ATA
R,1720,TAG
I,1721,AGC
P,1722,GCT
A,1723,CTC
K,1724,TCT
A,1725,CTG
L,1726,TGT
I,1727,GTG
P,1728,TGT
D,1729,GTG
S,1730,TGT
D,1731,GTC
H,1732,TCA
T,1733,CAT
P,1734,ATT
G,1735,TTG
S,1736,TGC
G,1737,GCC
Q,1738,CCT
H,1739,CTG
F,1740,TGG
L,1741,GGG
Y,1742,GGC
V,1743,GCA
N,1744,CAA
S,1745,AAG
S,1746,AGA
G,1747,GAG
S,1748,AGC
K,1749,GCT
E,1750,CTG
G,1751,TGT
S,1752,GTC
V,1753,TCA
A,1754,CAT
R,1755,ATC
I,1756,TCT
T,1757,CTT
T,1758,TTC
S,1759,TCA
K,1760,CAA
S,1761,AAT
F,1762,ATT
P,1763,TTC
A,1764,TCT
S,1765,CTA
L,1766,TAT
G,1767,ATT
M,1768,TTA
C,1769,TAT
T,1770,ATG
V,1771,TGC
R,1772,GCA
F,1773,CAA
W,1774,AAT
F,1775,ATG
Y,1776,TGG
M,1777,GGA
I,1778,GAA
D,1779,AAA
P,1780,AAG
R,1781,AGC
S,1782,GCA
M,1783,CAG
G,1784,AGT
I,1785,GTG
L,1786,TGT
K,1787,GTC
V,1788,TCC
Y,1789,CCT
T,1790,CTG
I,1791,TGA
E,1792,GAG
E,1793,AGA
S,1794,GAG
G,1795,AGT
L,1796,GTA
N,1797,TAA
I,1798,AAG
L,1799,AGA
V,1800,GAC
W,1801,ACT
S,1802,CTG
V,1803,TGT
I,1804,GTA
G,1805,TAT
N,1806,ATA
K,1807,TAA
R,1808,AAT
T,1809,ATA
G,1810,TAA
W,1811,AAT
T,1812,ATA
Y,1813,TAA
G,1814,AAG
S,1815,AGG
V,1816,GGA
P,1817,GAA
L,1818,AAG
S,1819,AGA
S,1820,GAA
N,1821,AAG
S,1822,AGA
P,1823,GAA
F,1824,AAA
K,1825,AAT
V,1826,ATA
A,1827,TAT
F,1828,ATT
E,1829,TTT
A,1830,TTT
D,1831,TTG
L,1832,TGG
D,1833,GGA
G,1834,GAC
N,1835,ACA
E,1836,CAT
D,1837,ATA
I,1838,TAC
F,1839,ACA
I,1840,CAA
A,1841,AAC
L,1842,ACA
D,1843,CAT
D,1844,ATA
I,1845,TAT
S,1846,ATC
F,1847,TCA
T,1848,CAA
P,1849,AAC
E,1850,ACT
C,1851,CTC
V,1852,TCA
T,1853,CAC
G,1854,ACA
G,1855,CAG
P,1856,AGC
V,1857,GCC
P,1858,CCA
V,1859,CAA
Q,1860,AAT
P,1861,ATG
S,1862,TGG
P,1863,GGG
C,1864,GGT
E,1865,GTG
A,1866,TGA
D,1867,GAA
Q,1868,AAA
F,1869,AAG
S,1870,AGC
C,1871,GCA
I,1872,CAG
Y,1873,AGA
T,1874,GAT
L,1875,ATG
Q,1876,TGT
C,1877,GTG
V,1878,TGT
P,1879,GTT
L,1880,TTA
S,1881,TAA
G,1882,AAT
K,1883,ATA
C,1884,TAC
D,1885,ACC
G,1886,CCA
H,1887,CAG
E,1888,AGA
D,1889,GAA
C,1890,AAG
I,1891,AGA
D,1892,GAT
G,1893,ATC
S,1894,TCT
D,1895,CTG
E,1896,TGA
M,1897,GAA
D,1898,AAG
C,1899,AGA
P,1900,GAC
L,1901,ACA
S,1902,CAT
P,1903,ATT
T,1904,TTT
P,1905,TTA
P,1906,TAA
L,1907,AAG
C,1908,AGA
S,1909,GAT
N,1910,ATT
M,1911,TTA
E,1912,TAT
F,1913,ATT
P,1914,TTT
C,1915,TTT
S,1916,TTT
T,1917,TTG
D,1918,TGA
E,1919,GAA
C,1920,AAG
I,1921,AGG
P,1922,GGG
S,1923,GGA
L,1924,GAC
L,1925,ACT
L,1926,CTC
C,1927,TCT
D,1928,CTT
G,1929,TTT
V,1930,TTT
P,1931,TTG
D,1932,TGA
C,1933,GAG
H,1934,AGC
F,1935,GCC
N,1936,CCA
E,1937,CAG
D,1938,AGA
E,1939,GAG
L,1940,AGA
I,1941,GAA
C,1942,AAG
S,1943,AGT
N,1944,GTT
K,1945,TTT
S,1946,TTT
C,1947,TTA
S,1948,TAT
N,1949,ATT
G,1950,TTG
A,1951,TGC
L,1952,GCC
V,1953,CCC
C,1954,CCT
A,1955,CTT
S,1956,TTG
S,1957,TGA
N,1958,GAT
S,1959,ATC
C,1960,TCA
I,1961,CAC
P,1962,ACC
A,1963,CCT
H,1964,CTC
Q,1965,TCT
R,1966,CTG
C,1967,TGG
D,1968,GGG
G,1969,GGT
F,1970,GTC
A,1971,TCT
D,1972,CTA
C,1973,TAT
M,1974,ATG
D,1975,TGC
F,1976,GCC
Q,1977,CCT
L,1978,CTG
D,1979,TGT
E,1980,GTG
S,1981,TGG
S,1982,GGA
C,1983,GAC
S,1984,ACA
E,1985,CAG
C,1986,AGA
P,1987,GAC
L,1988,ACC
N,1989,CCC
Y,1990,CCA
C,1991,CAA
R,1992,AAT
N,1993,ATC
G,1994,TCC
G,1995,CCA
T,1996,CAG
C,1997,AGA
V,1998,GAA
V,1999,AAA
E,2000,AAG
K,2001,AGC
N,2002,GCT
G,2003,CTT
P,2004,TTT
M,2005,TTG
C,2006,TGC
R,2007,GCT
C,2008,CTC
R,2009,TCT
Q,2010,CTG
G,2011,TGC
W,2012,GCA
K,2013,CAG
G,2014,AGA
N,2015,GAC
R,2016,ACG
C,2017,CGA
H,2018,GAA
I,2019,AAT
K,2020,ATT
F,2021,TTC
N,2022,TCC
P,2023,CCC
P,2024,CCT
A,2025,CTT
T,2026,TTG
D,2027,TGC
F,2028,GCA
T,2029,CAC
Y,2030,ACT
A,2031,CTA
Q,2032,TAG
N,2033,AGT
N,2034,GTG
T,2035,TGG
W,2036,GGC
T,2037,GCC
L,2038,CCA
L,2039,CAG
G,2040,AGT
I,2041,GTG
G,2042,TGC
L,2043,GCA
A,2044,CAT
F,2045,ATC
L,2046,TCG
M,2047,CGC
T,2048,GCC
H,2049,CCA
I,2050,CAA
T,2051,AAA
V,2052,AAG
A,2053,AGA
V,2054,GAA
L,2055,AAT
C,2056,ATC
F,2057,TCT
L,2058,CTG
A,2059,TGT
N,2060,GTC
R,2061,TCT
K,2062,CTG
V,2063,TGT
P,2064,GTG
I,2065,TGA
R,2066,GAC
K,2067,ACT
T,2068,CTC
E,2069,TCT
G,2070,CTC
S,2071,TCG
G,2072,CGG
N,2073,GGC
C,2074,GCA
A,2075,CAG
F,2076,AGG
V,2077,GGA
N,2078,GAC
P,2079,ACT
V,2080,CTG
Y,2081,TGC
G,2082,GCT
N,2083,CTC
W,2084,TCC
S,2085,CCG
N,2086,CGA
P,2087,GAT
E,2088,ATG
K,2089,TGA
T,2090,GAG
E,2091,AGA
S,2092,GAG
S,2093,AGT
V,2094,GTG
Y,2095,TGA
S,2096,GAT
F,2097,ATG
S,2098,TGA
N,2099,GAA
P,2100,AAG
L,2101,AGA
Y,2102,GAC
G,2103,ACC
T,2104,CCC
T,2105,CCA
S,2106,CAG
G,2107,AGC
S,2108,GCA
L,2109,CAA
E,2110,AAC
T,2111,ACT
L,2112,CTT
S,2113,TTG
H,2114,TGC
H,2115,GCT
L,2116,CTC
K,2117,TCA
