Amino acid,Amino acid position,Codon
S,1,CAG
G,2,AGG
E,3,GGC
V,4,GCC
R,5,CCG
L,6,CGC
R,7,GCC
Q,8,CCA
L,9,CAT
E,10,ATA
Q,11,TAT
F,12,ATT
I,13,TTG
L,14,TGG
D,15,GGA
G,16,GAT
P,17,ATC
A,18,TCC
Q,19,CCA
T,20,CAG
N,21,AGA
G,22,GAC
Q,23,ACT
C,24,CTC
F,25,TCG
S,26,CGT
V,27,GTC
E,28,TCC
T,29,CCG
L,30,CGC
L,31,GCA
D,32,CAA
I,33,AAG
L,34,AGC
I,35,GCC
C,36,CCT
L,37,CTC
Y,38,TCC
D,39,CCG
E,40,CGC
C,41,GCC
N,42,CCT
N,43,CTC
S,44,TCT
P,45,CTG
L,46,TGT
R,47,GTG
R,48,TGC
E,49,GCG
K,50,CGG
N,51,GGC
I,52,GCG
L,53,CGG
E,54,GGG
Y,55,GGA
L,56,GAC
E,57,ACT
W,58,CTG
A,59,TGG
K,60,GGA
P,61,GAG
F,62,AGG
T,63,GGA
S,64,GAG
K,65,AGC
V,66,GCC
K,67,CCT
Q,68,CTC
M,69,TCG
R,70,CGC
L,71,GCT
H,72,CTG
R,73,TGA
E,74,GAG
D,75,AGC
F,76,GCC
E,77,CCC
I,78,CCA
L,79,CAG
K,80,AGG
V,81,GGG
I,82,GGC
G,83,GCG
R,84,CGC
G,85,GCG
A,86,CGA
F,87,GAG
G,88,AGC
E,89,GCG
V,90,CGC
A,91,GCG
V,92,CGA
V,93,GAG
K,94,AGA
L,95,GAG
K,96,AGG
N,97,GGA
A,98,GAG
D,99,AGA
K,100,GAG
V,101,AGG
F,102,GGG
A,103,GGA
M,104,GAA
K,105,AAG
I,106,AGG
L,107,GGC
N,108,GCG
K,109,CGG
W,110,GGG
E,111,GGG
M,112,GGG
L,113,GGA
K,114,GAG
R,115,AGG
A,116,GGG
E,117,GGC
T,118,GCT
A,119,CTG
C,120,TGG
F,121,GGA
R,122,GAA
E,123,AAG
E,124,AGG
R,125,GGG
D,126,GGA
V,127,GAG
L,128,AGA
V,129,GAG
N,130,AGG
G,131,GGA
D,132,GAA
N,133,AAG
K,134,AGG
W,135,GGG
I,136,GGA
T,137,GAG
T,138,AGT
L,139,GTG
H,140,TGG
Y,141,GGT
A,142,GTT
F,143,TTG
Q,144,TGG
D,145,GGG
D,146,GGA
N,147,GAG
N,148,AGC
L,149,GCC
Y,150,CCG
L,151,CGG
V,152,GGG
M,153,GGC
D,154,GCT
Y,155,CTG
Y,156,TGC
V,157,GCC
G,158,CCG
G,159,CGC
D,160,GCA
L,161,CAG
L,162,AGC
T,163,GCC
L,164,CCT
L,165,CTC
S,166,TCT
K,167,CTA
F,168,TAG
E,169,AGT
D,170,GTC
R,171,TCT
L,172,CTC
P,173,TCC
E,174,CCT
D,175,CTC
M,176,TCA
A,177,CAG
R,178,AGC
F,179,GCC
Y,180,CCG
L,181,CGC
A,182,GCG
E,183,CGG
M,184,GGA
V,185,GAA
I,186,AAG
A,187,AGC
I,188,GCG
D,189,CGA
S,190,GAC
V,191,ACC
H,192,CCC
Q,193,CCC
L,194,CCT
H,195,CTC
Y,196,TCC
V,197,CCT
H,198,CTC
R,199,TCC
D,200,CCT
I,201,CTG
K,202,TGC
P,203,GCG
D,204,CGC
N,205,GCC
I,206,CCG
L,207,CGG
M,208,GGG
D,209,GGC
M,210,GCC
N,211,CCG
G,212,CGC
H,213,GCC
I,214,CCT
R,215,CTC
L,216,TCC
A,217,CCC
D,218,CCT
F,219,CTC
G,220,TCC
S,221,CCT
C,222,CTC
L,223,TCG
K,224,CGC
L,225,GCT
M,226,CTG
E,227,TGT
D,228,GTG
G,229,TGG
T,230,GGA
V,231,GAA
Q,232,AAA
S,233,AAG
S,234,AGA
V,235,GAT
A,236,ATG
V,237,TGC
G,238,GCC
T,239,CCC
P,240,CCT
D,241,CTT
Y,242,TTA
I,243,TAG
S,244,AGC
P,245,GCC
E,246,CCC
I,247,CCA
L,248,CAG
Q,249,AGG
A,250,GGG
M,251,GGG
E,252,GGT
D,253,GTG
G,254,TGT
K,255,GTG
G,256,TGA
R,257,GAA
Y,258,AAG
G,259,AGA
P,260,GAA
E,261,AAG
C,262,AGG
D,263,GGG
W,264,GGG
W,265,GGG
S,266,GGA
L,267,GAG
G,268,AGA
V,269,GAA
C,270,AAG
M,271,AGT
Y,272,GTA
E,273,TAG
M,274,AGC
L,275,GCT
Y,276,CTG
G,277,TGC
E,278,GCC
T,279,CCA
P,280,CAG
F,281,AGA
Y,282,GAG
A,283,AGC
E,284,GCC
S,285,CCG
L,286,CGC
V,287,GCC
E,288,CCC
T,289,CCG
Y,290,CGC
G,291,GCG
K,292,CGC
I,293,GCC
M,294,CCG
N,295,CGC
H,296,GCC
K,297,CCG
E,298,CGC
R,299,GCC
F,300,CCG
Q,301,CGC
F,302,GCA
P,303,CAG
A,304,AGC
Q,305,GCT
V,306,CTG
T,307,TGC
D,308,GCT
V,309,CTG
S,310,TGC
E,311,GCT
N,312,CTG
A,313,TGC
K,314,GCT
D,315,CTT
L,316,TTG
I,317,TGT
R,318,GTG
R,319,TGT
L,320,GTC
I,321,TCC
C,322,CCT
S,323,CTT
R,324,TTT
E,325,TTG
H,326,TGA
R,327,GAA
L,328,AAT
G,329,ATT
Q,330,TTC
N,331,TCA
G,332,CAG
I,333,AGA
E,334,GAG
D,335,AGA
F,336,GAA
K,337,AAG
K,338,AGC
H,339,GCA
P,340,CAC
F,341,ACC
F,342,CCC
S,343,CCC
G,344,CCC
I,345,CCC
D,346,CCC
W,347,CCG
D,348,CGC
N,349,GCC
I,350,CCT
R,351,CTG
N,352,TGG
C,353,GGG
E,354,GGG
A,355,GGC
P,356,GCG
Y,357,CGT
I,358,GTC
P,359,TCG
E,360,CGG
V,361,GGG
S,362,GGA
S,363,GAG
P,364,AGC
T,365,GCC
D,366,CCT
T,367,CTC
S,368,TCC
N,369,CCG
F,370,CGG
D,371,GGC
V,372,GCG
D,373,CGC
D,374,GCG
D,375,CGG
C,376,GGC
L,377,GCG
K,378,CGG
N,379,GGC
S,380,GCC
E,381,CCC
T,382,CCG
M,383,CGG
P,384,GGT
P,385,GTG
P,386,TGC
T,387,GCG
H,388,CGG
T,389,GGG
A,390,GGT
F,391,GTG
S,392,TGT
G,393,GTC
H,394,TCG
H,395,CGG
L,396,GGG
P,397,GGG
F,398,GGA
V,399,GAG
G,400,AGA
F,401,GAC
T,402,ACC
Y,403,CCG
T,404,CGG
S,405,GGG
S,406,GGC
C,407,GCT
V,408,CTC
L,409,TCT
S,410,CTC
D,411,TCT
R,412,CTG
S,413,TGC
C,414,GCC
L,415,CCC
R,416,CCG
V,417,CGG
T,418,GGC
A,419,GCG
G,420,CGC
P,421,GCG
T,422,CGG
S,423,GGC
L,424,GCG
D,425,CGC
L,426,GCG
D,427,CGG
V,428,GGC
N,429,GCG
V,430,CGC
Q,431,GCG
R,432,CGG
T,433,GGC
L,434,GCT
D,435,CTC
N,436,TCG
N,437,CGG
L,438,GGC
A,439,GCC
T,440,CCC
E,441,CCA
A,442,CAC
Y,443,ACG
E,444,CGA
R,445,GAG
R,446,AGC
I,447,GCG
K,448,CGA
R,449,GAC
L,450,ACC
E,451,CCA
Q,452,CAC
E,453,ACC
K,454,CCG
L,455,CGA
E,456,GAC
L,457,ACA
S,458,CAT
R,459,ATG
K,460,TGG
L,461,GGA
Q,462,GAG
E,463,AGT
S,464,GTG
T,465,TGG
Q,466,GGG
T,467,GGC
V,468,GCT
Q,469,CTC
A,470,TCG
L,471,CGG
Q,472,GGG
Y,473,GGC
S,474,GCG
T,475,CGG
V,476,GGC
D,477,GCC
G,478,CCA
P,479,CAA
L,480,AAG
T,481,AGT
A,482,GTA
S,483,TAG
K,484,AGC
D,485,GCC
L,486,CCG
E,487,CGC
I,488,GCT
K,489,CTT
N,490,TTC
L,491,TCT
K,492,CTC
E,493,TCC
E,494,CCG
I,495,CGG
E,496,GGA
K,497,GAG
L,498,AGC
R,499,GCC
K,500,CCC
Q,501,CCG
V,502,CGG
T,503,GGT
E,504,GTG
S,505,TGC
S,506,GCC
H,507,CCA
L,508,CAG
E,509,AGT
Q,510,GTG
Q,511,TGC
L,512,GCC
E,513,CCG
E,514,CGC
A,515,GCC
N,516,CCC
A,517,CCG
V,518,CGC
R,519,GCA
Q,520,CAG
E,521,AGC
L,522,GCC
D,523,CCC
D,524,CCG
A,525,CGC
F,526,GCC
R,527,CCT
Q,528,CTT
I,529,TTC
K,530,TCC
A,531,CCA
Y,532,CAC
E,533,ACC
K,534,CCC
Q,535,CCC
I,536,CCC
K,537,CCG
T,538,CGG
L,539,GGC
Q,540,GCC
Q,541,CCG
E,542,CGC
R,543,GCG
E,544,CGC
D,545,GCC
L,546,CCG
N,547,CGC
K,548,GCC
E,549,CCG
L,550,CGG
V,551,GGT
Q,552,GTC
A,553,TCA
S,554,CAG
E,555,AGG
R,556,GGC
L,557,GCC
K,558,CCC
N,559,CCT
Q,560,CTA
S,561,TAG
K,562,AGG
E,563,GGG
L,564,GGT
K,565,GTG
D,566,TGA
A,567,GAA
H,568,AAG
C,569,AGC
Q,570,GCC
R,571,CCG
K,572,CGG
L,573,GGG
A,574,GGA
M,575,GAG
Q,576,AGG
E,577,GGA
F,578,GAA
M,579,AAA
E,580,AAA
I,581,AAT
N,582,ATG
E,583,TGA
R,584,GAA
L,585,AAG
T,586,AGA
E,587,GAG
L,588,AGT
H,589,GTT
T,590,TTT
Q,591,TTT
K,592,TTC
Q,593,TCA
K,594,CAC
L,595,ACC
A,596,CCG
R,597,CGG
H,598,GGA
V,599,GAA
R,600,AAT
D,601,ATC
K,602,TCC
E,603,CCG
E,604,CGT
E,605,GTT
V,606,TTG
D,607,TGA
L,608,GAA
V,609,AAA
M,610,AAA
Q,611,AAT
K,612,ATA
V,613,TAG
E,614,AGG
S,615,GGA
L,616,GAC
R,617,ACT
Q,618,CTG
E,619,TGA
L,620,GAC
R,621,ACT
R,622,CTG
T,623,TGC
E,624,GCA
R,625,CAA
A,626,AAA
K,627,AAG
K,628,AGC
E,629,GCC
L,630,CCT
E,631,CTT
V,632,TTA
H,633,TAA
T,634,AAA
E,635,AAG
A,636,AGA
L,637,GAA
A,638,AAA
A,639,AAG
E,640,AGA
A,641,GAA
S,642,AAG
K,643,AGG
D,644,GGA
R,645,GAC
K,646,ACC
L,647,CCT
R,648,CTC
E,649,TCG
Q,650,CGG
S,651,GGG
E,652,GGA
H,653,GAG
Y,654,AGG
S,655,GGA
K,656,GAG
Q,657,AGA
L,658,GAA
E,659,AAA
N,660,AAC
E,661,ACG
L,662,CGA
E,663,GAA
G,664,AAA
L,665,AAA
K,666,AAG
Q,667,AGC
K,668,GCC
Q,669,CCG
I,670,CGC
S,671,GCC
Y,672,CCT
S,673,CTC
P,674,TCC
G,675,CCG
V,676,CGG
C,677,GGG
S,678,GGC
I,679,GCA
E,680,CAA
H,681,AAG
Q,682,AGA
Q,683,GAC
E,684,ACT
I,685,CTT
T,686,TTG
K,687,TGG
L,688,GGC
K,689,GCG
T,690,CGT
D,691,GTG
L,692,TGC
E,693,GCT
K,694,CTC
K,695,TCC
S,696,CCG
I,697,CGA
F,698,GAG
Y,699,AGC
E,700,GCC
E,701,CCG
E,702,CGA
L,703,GAG
S,704,AGG
K,705,GGG
R,706,GGG
E,707,GGC
G,708,GCT
I,709,CTG
H,710,TGC
A,711,GCT
N,712,CTT
E,713,TTC
I,714,TCA
K,715,CAG
N,716,AGG
L,717,GGG
K,718,GGA
K,719,GAC
E,720,ACC
L,721,CCT
H,722,CTC
D,723,TCG
S,724,CGC
E,725,GCC
G,726,CCC
Q,727,CCC
Q,728,CCC
L,729,CCT
A,730,CTC
L,731,TCC
N,732,CCC
K,733,CCT
E,734,CTT
I,735,TTT
M,736,TTC
I,737,TCC
L,738,CCC
K,739,CCG
D,740,CGC
K,741,GCT
L,742,CTG
E,743,TGG
K,744,GGA
T,745,GAG
R,746,AGA
R,747,GAA
E,748,AAA
S,749,AAT
Q,750,ATT
S,751,TTG
E,752,TGC
R,753,GCC
E,754,CCG
E,755,CGC
F,756,GCT
E,757,CTG
S,758,TGA
E,759,GAT
F,760,ATG
K,761,TGC
Q,762,GCA
Q,763,CAT
Y,764,ATT
E,765,TTA
R,766,TAT
E,767,ATC
K,768,TCC
V,769,CCA
L,770,CAA
L,771,AAG
T,772,AGT
E,773,GTG
E,774,TGG
N,775,GGT
K,776,GTG
K,777,TGG
L,778,GGT
T,779,GTT
S,780,TTG
E,781,TGG
L,782,GGG
D,783,GGA
K,784,GAG
L,785,AGG
T,786,GGA
T,787,GAT
L,788,ATT
Y,789,TTT
E,790,TTG
N,791,TGC
L,792,GCA
S,793,CAG
I,794,AGC
H,795,GCA
N,796,CAA
Q,797,AAC
Q,798,ACA
L,799,CAT
E,800,ATT
E,801,TTT
E,802,TTT
V,803,TTT
K,804,TTG
D,805,TGG
L,806,GGT
A,807,GTT
D,808,TTT
K,809,TTT
K,810,TTC
E,811,TCC
S,812,CCC
V,813,CCT
A,814,CTC
H,815,TCC
W,816,CCC
E,817,CCC
A,818,CCC
Q,819,CCT
I,820,CTT
T,821,TTC
E,822,TCT
I,823,CTA
I,824,TAT
Q,825,ATG
W,826,TGC
V,827,GCA
S,828,CAT
D,829,ATT
E,830,TTC
K,831,TCT
D,832,CTG
A,833,TGT
R,834,GTT
G,835,TTT
Y,836,TTT
L,837,TTT
Q,838,TTT
A,839,TTT
L,840,TTC
A,841,TCC
S,842,CCT
K,843,CTC
M,844,TCC
T,845,CCC
E,846,CCT
E,847,CTT
L,848,TTT
E,849,TTT
A,850,TTC
L,851,TCT
R,852,CTG
N,853,TGT
S,854,GTT
S,855,TTT
L,856,TTT
G,857,TTT
T,858,TTC
R,859,TCT
A,860,CTT
T,861,TTC
D,862,TCT
M,863,CTT
P,864,TTC
W,865,TCC
K,866,CCC
M,867,CCG
R,868,CGG
R,869,GGG
F,870,GGA
A,871,GAA
K,872,AAG
L,873,AGT
D,874,GTG
M,875,TGA
S,876,GAA
A,877,AAT
R,878,ATT
L,879,TTG
E,880,TGC
L,881,GCT
Q,882,CTG
S,883,TGA
A,884,GAT
L,885,ATG
D,886,TGC
A,887,GCA
E,888,CAA
I,889,AAA
R,890,AAT
A,891,ATC
K,892,TCG
Q,893,CGG
A,894,GGA
I,895,GAC
Q,896,ACT
E,897,CTT
E,898,TTT
L,899,TTA
N,900,TAT
K,901,ATT
V,902,TTC
K,903,TCA
A,904,CAT
S,905,ATT
N,906,TTA
I,907,TAA
I,908,AAT
T,909,ATG
E,910,TGA
C,911,GAT
K,912,ATG
L,913,TGC
K,914,GCA
D,915,CAA
S,916,AAC
E,917,ACC
K,918,CCG
K,919,CGG
N,920,GGA
L,921,GAT
E,922,ATT
L,923,TTC
L,924,TCG
S,925,CGT
E,926,GTT
I,927,TTT
E,928,TTC
Q,929,TCA
L,930,CAG
I,931,AGG
K,932,GGA
D,933,GAT
T,934,ATT
E,935,TTA
E,936,TAC
L,937,ACG
R,938,CGT
S,939,GTT
E,940,TTG
K,941,TGC
G,942,GCA
I,943,CAC
E,944,ACG
H,945,CGA
Q,946,GAG
D,947,AGT
S,948,GTT
Q,949,TTG
H,950,TGA
S,951,GAA
F,952,AAT
L,953,ATT
A,954,TTT
F,955,TTT
L,956,TTG
N,957,TGA
T,958,GAA
P,959,AAT
T,960,ATG
D,961,TGA
A,962,GAA
L,963,AAG
D,964,AGG
Q,965,GGA
F,966,GAG
E,967,AGA
D,968,GAA
S,969,AAG
F,970,AGA
S,971,GAG
S,972,AGT
S,973,GTT
S,974,TTT
S,975,TTT
S,976,TTT
L,977,TTT
I,978,TTT
D,979,TTT
F,980,TTT
L,981,TTT
D,982,TTT
D,983,TTT
R,984,TTT
S,985,TTT
P,986,TTT
S,987,TTT
C,988,TTT
T,989,TTA
P,990,TAA
A,991,AAA
S,992,AAG
K,993,AGA
G,994,GAA
R,995,AAG
R,996,AGT
T,997,GTG
D,998,TGT
P,999,GTT
V,1000,TTG
E,1001,TGA
N,1002,GAC
T,1003,ACT
Y,1004,CTC
V,1005,TCT
W,1006,CTC
N,1007,TCT
P,1008,CTA
S,1009,TAG
V,1010,AGT
K,1011,GTT
F,1012,TTC
H,1013,TCG
I,1014,CGT
Q,1015,GTT
S,1016,TTG
R,1017,TGT
S,1018,GTA
T,1019,TAC
S,1020,ACT
P,1021,CTT
S,1022,TTT
T,1023,TTT
S,1024,TTA
S,1025,TAA
E,1026,AAT
A,1027,ATT
E,1028,TTA
P,1029,TAT
V,1030,ATT
K,1031,TTA
T,1032,TAT
V,1033,ATT
D,1034,TTT
S,1035,TTT
T,1036,TTA
P,1037,TAT
L,1038,ATT
S,1039,TTT
V,1040,TTA
H,1041,TAA
T,1042,AAA
P,1043,AAT
T,1044,ATA
L,1045,TAT
R,1046,ATA
K,1047,TAC
K,1048,ACG
G,1049,CGA
C,1050,GAC
P,1051,ACT
G,1052,CTT
S,1053,TTA
T,1054,TAA
G,1055,AAT
F,1056,ATT
P,1057,TTG
P,1058,TGT
K,1059,GTA
R,1060,TAT
K,1061,ATT
T,1062,TTC
H,1063,TCT
Q,1064,CTT
F,1065,TTT
F,1066,TTT
V,1067,TTA
K,1068,TAA
S,1069,AAA
F,1070,AAA
T,1071,AAA
T,1072,AAT
P,1073,ATG
T,1074,TGC
K,1075,GCA
C,1076,CAT
H,1077,ATT
Q,1078,TTA
C,1079,TAA
T,1080,AAG
S,1081,AGT
L,1082,GTA
M,1083,TAT
V,1084,ATA
G,1085,TAT
L,1086,ATA
I,1087,TAT
R,1088,ATT
Q,1089,TTT
G,1090,TTT
C,1091,TTA
S,1092,TAT
C,1093,ATG
E,1094,TGG
V,1095,GGT
C,1096,GTA
G,1097,TAA
F,1098,AAT
S,1099,ATT
C,1100,TTT
H,1101,TTA
I,1102,TAC
T,1103,ACC
C,1104,CCC
V,1105,CCT
N,1106,CTC
K,1107,TCA
A,1108,CAA
P,1109,AAA
T,1110,AAA
T,1111,AAT
C,1112,ATA
P,1113,TAT
V,1114,ATA
P,1115,TAT
P,1116,ATG
E,1117,TGT
Q,1118,GTA
T,1119,TAT
K,1120,ATA
G,1121,TAT
P,1122,ATG
L,1123,TGG
G,1124,GGG
I,1125,GGT
D,1126,GTG
P,1127,TGA
Q,1128,GAA
K,1129,AAA
G,1130,AAT
I,1131,ATT
G,1132,TTG
T,1133,TGA
A,1134,GAA
Y,1135,AAG
E,1136,AGA
G,1137,GAC
H,1138,ACG
V,1139,CGC
R,1140,GCT
I,1141,CTT
P,1142,TTC
K,1143,TCA
P,1144,CAG
A,1145,AGT
G,1146,GTT
V,1147,TTA
K,1148,TAA
K,1149,AAG
G,1150,AGT
W,1151,GTG
Q,1152,TGA
R,1153,GAG
A,1154,AGG
L,1155,GGT
A,1156,GTT
I,1157,TTA
V,1158,TAC
C,1159,ACT
D,1160,CTG
F,1161,TGG
K,1162,GGT
L,1163,GTG
F,1164,TGT
L,1165,GTG
Y,1166,TGT
D,1167,GTT
I,1168,TTG
A,1169,TGG
E,1170,GGA
G,1171,GAT
K,1172,ATG
A,1173,TGT
S,1174,GTT
Q,1175,TTT
P,1176,TTA
S,1177,TAA
V,1178,AAT
V,1179,ATT
I,1180,TTC
S,1181,TCA
Q,1182,CAG
V,1183,AGC
I,1184,GCA
D,1185,CAC
M,1186,ACC
R,1187,CCA
D,1188,CAG
E,1189,AGC
E,1190,GCA
F,1191,CAT
S,1192,ATT
V,1193,TTG
S,1194,TGC
S,1195,GCA
V,1196,CAT
L,1197,ATG
A,1198,TGA
S,1199,GAC
D,1200,ACA
V,1201,CAG
I,1202,AGT
H,1203,GTT
A,1204,TTG
S,1205,TGT
R,1206,GTT
K,1207,TTT
D,1208,TTG
I,1209,TGA
P,1210,GAA
C,1211,AAT
I,1212,ATA
F,1213,TAA
R,1214,AAC
V,1215,ACA
T,1216,CAA
A,1217,AAG
S,1218,AGT
Q,1219,GTG
L,1220,TGG
S,1221,GGT
A,1222,GTT
S,1223,TTT
N,1224,TTA
N,1225,TAT
K,1226,ATT
C,1227,TTT
S,1228,TTT
I,1229,TTT
L,1230,TTA
M,1231,TAA
L,1232,AAA
A,1233,AAA
D,1234,AAC
T,1235,ACC
E,1236,CCA
N,1237,CAT
E,1238,ATA
K,1239,TAC
N,1240,ACC
K,1241,CCT
W,1242,CTT
V,1243,TTT
G,1244,TTT
V,1245,TTA
L,1246,TAA
S,1247,AAA
E,1248,AAA
L,1249,AAT
H,1250,ATT
K,1251,TTT
I,1252,TTA
L,1253,TAG
K,1254,AGG
K,1255,GGT
N,1256,GTT
K,1257,TTC
F,1258,TCA
R,1259,CAG
D,1260,AGA
R,1261,GAT
S,1262,ATA
V,1263,TAA
Y,1264,AAT
V,1265,ATA
P,1266,TAG
K,1267,AGT
E,1268,GTA
A,1269,TAA
Y,1270,AAA
D,1271,AAA
S,1272,AAG
T,1273,AGT
L,1274,GTC
P,1275,TCA
L,1276,CAT
I,1277,ATC
K,1278,TCA
T,1279,CAT
T,1280,ATA
Q,1281,TAA
A,1282,AAT
A,1283,ATA
A,1284,TAA
I,1285,AAT
I,1286,ATT
D,1287,TTT
H,1288,TTA
E,1289,TAA
R,1290,AAA
I,1291,AAG
A,1292,AGG
L,1293,GGA
G,1294,GAA
N,1295,AAA
E,1296,AAA
E,1297,AAC
G,1298,ACC
L,1299,CCA
F,1300,CAG
V,1301,AGC
V,1302,GCA
H,1303,CAG
V,1304,AGA
T,1305,GAA
K,1306,AAA
D,1307,AAT
E,1308,ATC
I,1309,TCG
I,1310,CGA
R,1311,GAA
V,1312,AAG
G,1313,AGC
D,1314,GCA
N,1315,CAA
K,1316,AAA
K,1317,AAC
I,1318,ACA
H,1319,CAT
Q,1320,ATG
I,1321,TGT
E,1322,GTC
L,1323,TCT
I,1324,CTG
P,1325,TGG
N,1326,GGA
D,1327,GAG
Q,1328,AGA
L,1329,GAA
V,1330,AAG
A,1331,AGT
V,1332,GTG
I,1333,TGC
S,1334,GCG
G,1335,CGT
R,1336,GTT
N,1337,TTT
R,1338,TTG
H,1339,TGA
V,1340,GAG
R,1341,AGG
L,1342,GGC
F,1343,GCA
P,1344,CAG
M,1345,AGT
S,1346,GTT
A,1347,TTG
L,1348,TGG
D,1349,GGA
G,1350,GAG
R,1351,AGC
E,1352,GCA
T,1353,CAG
D,1354,AGT
F,1355,GTT
Y,1356,TTT
K,1357,TTA
L,1358,TAT
S,1359,ATT
E,1360,TTT
T,1361,TTT
K,1362,TTG
G,1363,TGG
C,1364,GGA
Q,1365,GAC
T,1366,ACG
V,1367,CGG
T,1368,GGG
S,1369,GGC
G,1370,GCC
K,1371,CCC
V,1372,CCG
R,1373,CGC
H,1374,GCT
G,1375,CTC
A,1376,TCA
L,1377,CAG
T,1378,AGA
C,1379,GAC
L,1380,ACC
C,1381,CCA
V,1382,CAA
A,1383,AAT
M,1384,ATG
K,1385,TGG
R,1386,GGG
Q,1387,GGC
V,1388,GCA
L,1389,CAG
C,1390,AGT
Y,1391,GTG
E,1392,TGC
L,1393,GCT
F,1394,CTT
Q,1395,TTC
S,1396,TCA
K,1397,CAG
T,1398,AGT
R,1399,GTG
H,1400,TGT
R,1401,GTG
K,1402,TGG
F,1403,GGA
K,1404,GAG
E,1405,AGA
I,1406,GAC
Q,1407,ACA
V,1408,CAT
P,1409,ATT
Y,1410,TTA
N,1411,TAC
V,1412,ACT
Q,1413,CTG
W,1414,TGG
M,1415,GGA
A,1416,GAT
I,1417,ATA
F,1418,TAT
S,1419,ATA
E,1420,TAC
Q,1421,ACT
L,1422,CTC
C,1423,TCA
V,1424,CAT
G,1425,ATC
F,1426,TCT
Q,1427,CTG
S,1428,TGC
G,1429,GCC
F,1430,CCT
L,1431,CTT
R,1432,TTT
Y,1433,TTA
P,1434,TAT
L,1435,ATG
N,1436,TGA
G,1437,GAT
E,1438,ATG
G,1439,TGA
N,1440,GAA
P,1441,AAT
Y,1442,ATG
S,1443,TGC
M,1444,GCA
L,1445,CAA
H,1446,AAT
S,1447,ATA
N,1448,TAA
D,1449,AAT
H,1450,ATT
T,1451,TTC
L,1452,TCT
S,1453,CTC
F,1454,TCC
I,1455,CCA
A,1456,CAT
H,1457,ATT
Q,1458,TTG
P,1459,TGA
M,1460,GAG
D,1461,AGA
A,1462,GAA
I,1463,AAG
C,1464,AGA
A,1465,GAG
V,1466,AGA
E,1467,GAG
I,1468,AGA
S,1469,GAA
S,1470,AAG
K,1471,AGA
E,1472,GAA
Y,1473,AAC
L,1474,ACA
L,1475,CAT
C,1476,ATT
F,1477,TTC
N,1478,TCT
S,1479,CTC
I,1480,TCG
G,1481,CGA
I,1482,GAA
Y,1483,AAT
T,1484,ATA
D,1485,TAC
C,1486,ACC
Q,1487,CCT
G,1488,CTA
R,1489,TAG
R,1490,AGA
S,1491,GAA
R,1492,AAT
Q,1493,ATG
Q,1494,TGG
E,1495,GGG
L,1496,GGC
M,1497,GCT
W,1498,CTA
P,1499,TAA
A,1500,AAA
N,1501,AAC
P,1502,ACC
S,1503,CCA
S,1504,CAT
C,1505,ATT
C,1506,TTT
Y,1507,TTA
N,1508,TAC
A,1509,ACT
P,1510,CTT
Y,1511,TTC
L,1512,TCT
S,1513,CTA
V,1514,TAA
Y,1515,AAA
S,1516,AAG
E,1517,AGT
N,1518,GTG
A,1519,TGA
V,1520,GAA
D,1521,AAA
I,1522,AAC
F,1523,ACA
D,1524,CAA
V,1525,AAA
N,1526,AAT
S,1527,ATG
M,1528,TGC
E,1529,GCG
W,1530,CGA
I,1531,GAT
Q,1532,ATT
T,1533,TTA
L,1534,TAC
P,1535,ACA
L,1536,CAT
K,1537,ATA
K,1538,TAG
V,1539,AGA
R,1540,GAG
P,1541,AGA
L,1542,GAA
N,1543,AAG
N,1544,AGA
E,1545,GAC
G,1546,ACT
S,1547,CTT
L,1548,TTT
N,1549,TTG
L,1550,TGA
L,1551,GAA
G,1552,AAA
L,1553,AAT
E,1554,ATA
T,1555,TAT
I,1556,ATT
R,1557,TTA
L,1558,TAA
I,1559,AAA
Y,1560,AAG
F,1561,AGG
K,1562,GGT
N,1563,GTG
K,1564,TGA
M,1565,GAT
A,1566,ATT
E,1567,TTG
G,1568,TGG
D,1569,GGT
E,1570,GTC
L,1571,TCG
V,1572,CGA
V,1573,GAG
P,1574,AGG
E,1575,GGA
T,1576,GAG
S,1577,AGC
D,1578,GCT
N,1579,CTT
S,1580,TTT
R,1581,TTT
K,1582,TTG
Q,1583,TGG
M,1584,GGG
V,1585,GGG
R,1586,GGA
N,1587,GAG
I,1588,AGG
N,1589,GGT
N,1590,GTT
K,1591,TTG
R,1592,TGC
R,1593,GCT
Y,1594,CTG
S,1595,TGT
F,1596,GTA
R,1597,TAG
V,1598,AGT
P,1599,GTA
E,1600,TAA
E,1601,AAA
E,1602,AAA
R,1603,AAC
M,1604,ACT
Q,1605,CTA
Q,1606,TAA
R,1607,AAA
R,1608,AAA
E,1609,AAA
M,1610,AAA
L,1611,AAT
R,1612,ATG
D,1613,TGC
P,1614,GCA
E,1615,CAG
M,1616,AGA
R,1617,GAT
N,1618,ATA
K,1619,TAA
L,1620,AAA
I,1621,AAG
S,1622,AGT
N,1623,GTG
P,1624,TGT
T,1625,GTT
N,1626,TTT
F,1627,TTG
N,1628,TGC
H,1629,GCC
I,1630,CCA
A,1631,CAT
H,1632,ATG
M,1633,TGA
G,1634,GAA
P,1635,AAA
G,1636,AAA
D,1637,AAT
G,1638,ATA
I,1639,TAT
Q,1640,ATT
I,1641,TTG
L,1642,TGA
K,1643,GAA
D,1644,AAT
L,1645,ATA
P,1646,TAA
M,1647,AAA
P,1648,AAT
G,1649,ATG
F,1650,TGG
P,1651,GGG
Y,1652,GGA
P,1653,GAA
S,1654,AAA
P,1655,AAT
H,1656,ATG
H,1657,TGC
H,1658,GCT
S,1659,CTG
G,1660,TGA
L,1661,GAA
I,1662,AAA
S,1663,AAA
S,1664,AAG
P,1665,AGA
I,1666,GAG
N,1667,AGC
F,1668,GCT
E,1669,CTG
H,1670,TGA
I,1671,GAG
Y,1672,AGA
H,1673,GAC
M,1674,ACA
T,1675,CAG
V,1676,AGC
N,1677,GCA
S,1678,CAT
A,1679,ATG
E,1680,TGT
K,1681,GTT
F,1682,TTT
L,1683,TTT
S,1684,TTC
P,1685,TCG
D,1686,CGT
S,1687,GTG
I,1688,TGA
N,1689,GAA
P,1690,AAG
E,1691,AGA
Y,1692,GAA
S,1693,AAA
P,1694,AAG
S,1695,AGG
L,1696,GGG
R,1697,GGA
S,1698,GAT
V,1699,ATG
P,1700,TGT
G,1701,GTA
T,1702,TAT
P,1703,ATT
S,1704,TTA
F,1705,TAG
M,1706,AGT
T,1707,GTG
L,1708,TGA
R,1709,GAA
N,1710,AAT
P,1711,ATG
R,1712,TGG
P,1713,GGA
Q,1714,GAG
E,1715,AGA
S,1716,GAC
R,1717,ACA
T,1718,CAA
V,1719,AAT
F,1720,ATA
S,1721,TAA
G,1722,AAA
S,1723,AAT
V,1724,ATG
S,1725,TGG
I,1726,GGA
P,1727,GAT
S,1728,ATT
I,1729,TTA
T,1730,TAC
K,1731,ACA
S,1732,CAA
R,1733,AAC
P,1734,ACC
E,1735,CCT
P,1736,CTT
G,1737,TTG
R,1738,TGC
S,1739,GCA
M,1740,CAC
S,1741,ACT
A,1742,CTA
S,1743,TAT
S,1744,ATG
G,1745,TGC
L,1746,GCT
S,1747,CTT
A,1748,TTT
R,1749,TTC
S,1750,TCC
S,1751,CCA
A,1752,CAG
Q,1753,AGG
N,1754,GGA
G,1755,GAT
S,1756,ATG
A,1757,TGA
L,1758,GAC
K,1759,ACA
R,1760,CAA
E,1761,AAT
F,1762,ATA
S,1763,TAA
G,1764,AAC
G,1765,ACT
S,1766,CTT
Y,1767,TTA
S,1768,TAT
A,1769,ATA
K,1770,TAC
R,1771,ACC
Q,1772,CCT
P,1773,CTG
M,1774,TGG
P,1775,GGT
S,1776,GTT
P,1777,TTA
S,1778,TAT
E,1779,ATG
G,1780,TGG
S,1781,GGA
L,1782,GAT
S,1783,ATT
S,1784,TTA
G,1785,TAT
G,1786,ATT
M,1787,TTA
D,1788,TAT
Q,1789,ATG
G,1790,TGT
S,1791,GTT
D,1792,TTG
A,1793,TGG
P,1794,GGT
A,1795,GTG
R,1796,TGG
D,1797,GGG
F,1798,GGG
D,1799,GGA
G,1800,GAT
E,1801,ATT
D,1802,TTT
S,1803,TTG
D,1804,TGC
S,1805,GCT
P,1806,CTT
R,1807,TTA
H,1808,TAC
S,1809,ACT
T,1810,CTC
A,1811,TCT
S,1812,CTA
N,1813,TAC
S,1814,ACT
S,1815,CTC
N,1816,TCA
L,1817,CAG
S,1818,AGC
S,1819,GCA
P,1820,CAA
P,1821,AAA
S,1822,AAT
P,1823,ATT
A,1824,TTT
S,1825,TTG
P,1826,TGA
R,1827,GAA
K,1828,AAG
T,1829,AGA
K,1830,GAT
S,1831,ATA
L,1832,TAG
S,1833,AGA
L,1834,GAT
E,1835,ATT
S,1836,TTG
T,1837,TGC
D,1838,GCC
R,1839,CCT
G,1840,CTG
S,1841,TGA
W,1842,GAA
D,1843,AAG
P,1844,AGA
